# Model: D
#     eps_an        eps_cont      lambda        theta_bar     a        
#    0.00e+00      0.00e+00       0.00500       0.00100       2.00000  
#     S_p-400       S_p   0       S_p   4       S_p   1       S_p   1  
#    0.00e+00       0.02000      0.00e+00       1.00000       1.00000  
#     r  2          r  3          r  4          r  5          r  6          r  7          r  8          r  9          r 10          r 11          r 12          r 13          r 14          r 15          r 16          r 17          r 18          r 19          r 20     
#     1.00000       1.00000       1.00000       1.00000       1.00000       1.00000       1.00000       1.00000       1.00000       1.00000       1.00000       1.00000       1.00000       1.00000       1.00000       1.00000       1.00000       1.00000       1.00000  

500 500 20

4	2	0	0	0	0	0	1	0	0	0	1	3	0	0	0	0	0	0	2000		30	2000
1	1	0	1	2	0	0	1	0	0	2	0	0	0	0	0	0	0	0	2000		12	2000
2	3	0	1	0	0	2	1	0	0	0	0	0	0	0	0	0	0	0	2000		33	2000
1	1	0	0	0	1	0	1	1	0	0	0	0	1	0	0	0	0	0	2000		1	2000
2	0	0	2	0	0	0	0	0	0	0	0	0	1	0	0	0	0	0	2000		22	2000
2	0	1	0	0	1	0	0	0	1	2	0	0	0	0	0	1	0	0	2000		9	2000
3	0	2	0	0	2	0	0	0	0	0	0	0	0	0	0	0	0	1	2000		11	2000
2	0	1	0	0	0	0	0	0	0	0	1	0	0	0	0	0	0	2	2000		5	2000
0	0	0	1	0	1	1	1	0	2	0	0	0	0	0	0	0	0	0	2000		3	2000
1	1	0	1	1	0	0	1	0	0	0	0	0	0	0	1	0	0	1	2000		3	2000
2	2	0	0	1	0	0	0	1	0	0	0	0	0	0	0	0	0	0	2000		15	2000
1	0	0	1	0	0	0	0	0	0	0	0	1	0	0	0	1	0	0	2000		3	2000
0	0	2	1	0	0	0	0	0	1	1	0	0	1	0	0	0	0	0	2000		5	2000
6	1	2	0	1	0	0	0	0	0	0	0	1	0	0	0	0	0	0	2000		5	2000
4	1	1	0	1	0	0	0	1	0	1	0	0	0	0	0	0	0	0	2000		26	2000
1	2	1	1	0	0	0	0	1	0	0	0	1	0	0	0	0	0	0	2000		10	2000
0	2	0	0	0	0	0	1	0	0	0	0	0	0	0	0	0	0	0	2000		12	2000
0	0	0	0	1	0	1	0	0	0	1	1	1	1	0	0	0	0	0	2000		6	2000
1	2	1	1	1	0	0	0	0	1	0	1	0	0	0	0	0	1	0	2000		3	2000
1	2	0	1	0	0	2	2	0	0	2	1	2	0	0	0	0	0	0	2000		13	2000
1	1	0	1	0	0	1	1	0	0	0	0	0	0	1	0	0	0	0	2000		13	2000
0	0	0	1	1	0	0	0	0	0	0	0	0	0	0	0	0	0	0	2000		24	2000
2	1	2	0	0	0	0	0	0	0	0	0	0	0	0	0	0	0	0	2000		1	2000
2	1	0	0	0	0	0	0	1	0	0	0	0	0	0	0	0	0	0	2000		5	2000
3	1	1	1	0	0	0	1	0	1	0	0	1	0	0	1	0	0	0	2000		10	2000
7	0	0	0	0	0	0	0	1	2	0	0	2	1	0	0	0	1	0	2000		24	2000
2	2	0	2	0	0	0	0	1	0	0	1	0	0	0	0	0	0	0	2000		29	2000
3	2	1	0	0	0	1	1	0	0	0	1	0	1	0	0	0	0	0	2000		3	2000
13	1	1	0	0	0	0	0	1	0	0	0	0	0	1	0	0	0	0	2000		13	2000
2	1	1	0	0	0	0	0	0	1	0	0	0	0	0	0	0	0	0	2000		1	2000
2	0	0	4	0	0	0	0	0	0	0	0	0	0	0	0	0	0	0	2000		4	2000
1	2	0	0	2	0	0	0	0	0	1	0	1	0	0	0	0	0	0	2000		6	2000
1	2	1	0	0	0	0	0	0	0	0	0	0	0	0	0	0	0	0	2000		8	2000
1	2	0	0	1	0	0	0	1	0	0	1	0	0	0	0	0	0	0	2000		9	2000
2	0	0	1	1	0	0	0	0	1	0	0	0	0	0	0	0	0	0	2000		6	2000
3	2	1	0	2	1	0	1	0	0	0	0	0	0	0	1	0	0	0	2000		4	2000
2	1	1	0	0	0	1	0	0	0	0	0	0	0	1	0	0	0	1	2000		2	2000
3	1	0	0	0	1	2	0	0	0	2	0	0	0	0	0	0	1	0	2000		1	2000
8	2	2	0	0	0	0	1	0	1	1	0	0	0	0	0	0	0	0	2000		14	2000
1	0	0	0	2	0	0	0	0	0	0	0	0	0	0	0	0	0	0	2000		5	2000
0	0	0	0	0	0	0	0	0	0	0	0	0	1	0	0	0	0	0	2000		18	2000
5	0	0	1	0	0	0	1	0	0	0	0	0	0	0	2	0	0	0	2000		14	2000
2	1	0	1	0	0	1	0	0	2	0	0	0	0	0	1	0	0	0	2000		12	2000
0	0	1	0	0	1	0	1	0	0	0	0	0	0	0	0	0	0	0	2000		5	2000
0	2	0	0	1	0	1	0	0	1	0	0	1	0	0	0	0	0	0	2000		27	2000
4	4	0	0	0	1	0	0	0	0	0	0	0	0	0	0	0	0	0	2000		2	2000
4	0	2	0	0	0	1	0	0	0	0	0	0	0	0	0	0	0	0	2000		11	2000
1	0	1	0	0	0	0	0	1	0	0	0	1	1	0	0	0	0	0	2000		25	2000
2	0	0	0	0	0	0	0	0	0	1	0	0	0	1	0	0	0	0	2000		5	2000
0	1	1	1	0	0	0	0	0	0	0	0	0	0	0	0	0	0	0	2000		5	2000
1	1	0	0	0	0	2	0	0	0	0	0	0	0	1	0	0	0	0	2000		1	2000
1	0	3	1	0	0	0	1	0	1	0	0	1	0	0	1	0	0	1	2000		24	2000
2	1	2	0	0	0	0	0	0	0	0	1	0	0	0	0	0	0	0	2000		7	2000
0	2	1	0	0	1	0	0	0	0	0	1	0	0	0	1	0	1	0	2000		9	2000
1	1	0	0	0	0	0	0	0	0	0	0	0	0	0	0	0	0	0	2000		5	2000
5	1	0	0	0	0	0	0	2	0	1	0	2	0	1	0	1	0	0	2000		19	2000
1	0	0	0	0	0	1	0	0	0	0	0	0	0	0	0	0	0	0	2000		8	2000
2	0	0	0	1	0	1	0	0	0	0	0	0	0	1	0	0	0	0	2000		2	2000
4	2	1	2	1	0	0	0	0	0	0	0	0	0	0	0	0	1	0	2000		6	2000
0	0	1	1	0	1	1	0	0	0	0	0	0	0	1	0	0	0	0	2000		1	2000
1	3	0	1	0	0	0	0	0	0	0	0	0	0	0	0	0	0	0	2000		12	2000
5	0	0	1	0	0	3	0	1	0	0	0	1	0	0	0	1	0	0	2000		3	2000
6	0	1	0	0	0	0	0	0	0	2	0	0	0	0	0	0	0	0	2000		15	2000
3	1	1	0	0	1	1	1	0	0	0	0	0	0	0	1	0	0	0	2000		20	2000
0	3	1	0	4	0	0	2	0	0	0	1	0	0	0	0	0	1	0	2000		6	2000
3	4	0	0	1	2	0	0	1	0	0	0	0	0	0	0	0	0	0	2000		10	2000
2	0	0	0	1	2	1	1	0	0	0	0	0	0	0	0	0	0	0	2000		12	2000
2	1	0	0	0	1	0	1	0	0	0	0	0	0	1	0	1	0	0	2000		23	2000
2	0	2	0	0	0	0	0	0	0	0	0	0	0	0	0	0	0	0	2000		20	2000
2	0	1	1	1	2	1	0	0	0	0	0	2	0	0	0	0	0	0	2000		6	2000
2	0	1	0	0	0	0	0	0	0	0	0	0	0	0	1	0	0	0	2000		7	2000
4	0	1	0	0	0	0	0	0	0	0	0	0	0	0	0	0	0	0	2000		4	2000
0	1	1	0	0	3	0	0	0	1	0	1	0	0	0	0	0	0	0	2000		12	2000
3	0	0	0	1	0	0	0	0	0	0	0	1	0	0	1	0	0	0	2000		27	2000
0	2	1	0	0	0	0	0	0	0	1	0	0	0	0	0	0	0	0	2000		11	2000
2	5	0	0	0	0	1	0	0	0	0	0	0	0	0	0	0	0	0	2000		4	2000
0	0	2	2	1	1	0	0	0	0	1	0	0	0	0	0	0	1	0	2000		4	2000
0	1	1	1	0	0	1	0	0	1	0	0	0	0	0	0	0	0	0	2000		5	2000
0	1	1	0	0	0	0	0	1	0	0	0	0	0	0	0	0	2	0	2000		1	2000
1	0	1	0	3	2	1	0	0	0	0	0	0	0	0	0	0	0	0	2000		19	2000
1	1	1	0	0	0	0	0	0	0	0	0	0	0	0	0	0	0	0	2000		12	2000
3	2	0	0	0	1	0	0	0	0	0	0	0	0	0	0	0	0	0	2000		2	2000
2	0	0	4	0	0	0	0	0	0	0	0	0	1	0	0	1	0	0	2000		3	2000
2	1	1	0	1	1	0	1	0	0	0	0	0	0	0	0	0	0	0	2000		2	2000
1	0	0	1	0	0	0	0	0	0	0	0	0	0	0	0	0	0	0	2000		10	2000
2	0	1	0	0	0	0	1	0	1	0	0	0	0	1	0	0	0	0	2000		8	2000
2	0	0	2	0	0	1	0	0	0	0	1	0	0	1	0	0	0	0	2000		13	2000
4	0	0	2	0	0	0	0	0	0	0	0	0	0	0	0	1	0	0	2000		1	2000
1	0	0	2	0	2	0	1	0	0	0	0	0	0	0	0	0	1	0	2000		15	2000
1	1	0	0	0	0	0	1	0	0	0	0	1	0	0	0	0	0	0	2000		6	2000
4	3	0	1	0	1	0	0	1	0	0	0	0	0	0	1	1	0	0	2000		28	2000
2	3	4	0	0	0	1	0	1	0	0	0	0	1	1	0	0	0	0	2000		68	2000
0	0	1	1	0	1	0	0	1	0	0	0	0	0	0	0	0	0	0	2000		2	2000
1	0	0	1	0	0	0	1	0	1	0	0	1	0	0	0	0	0	0	2000		10	2000
1	0	0	1	1	0	0	0	0	1	0	0	0	0	0	1	0	0	0	2000		4	2000
1	2	2	2	0	0	0	0	0	0	0	0	0	0	0	0	0	0	0	2000		2	2000
0	0	1	1	0	0	1	0	0	1	0	0	0	0	0	1	0	0	0	2000		9	2000
3	0	1	0	0	0	0	1	1	0	0	0	0	0	0	0	0	0	0	2000		7	2000
8	1	0	0	0	0	0	0	0	0	0	0	0	0	0	0	0	1	0	2000		1	2000
3	1	5	0	1	0	0	0	0	0	0	0	0	0	0	0	0	0	2	2000		20	2000
6	0	3	0	0	0	0	0	0	0	0	0	0	1	0	0	0	0	0	2000		23	2000
1	0	2	2	0	0	0	0	0	1	0	0	0	0	0	0	0	0	0	2000		3	2000
0	5	1	0	2	1	0	0	0	0	1	0	0	0	0	0	0	0	0	2000		15	2000
0	0	3	1	0	0	0	1	0	2	0	1	0	0	0	0	0	0	0	2000		17	2000
3	1	0	1	1	0	1	0	0	0	0	0	0	0	0	0	0	0	1	2000		7	2000
1	0	0	0	0	0	1	0	0	0	2	0	0	0	0	0	1	0	0	2000		14	2000
2	1	0	2	0	0	0	0	0	0	0	0	0	0	0	0	0	0	0	2000		3	2000
1	2	2	0	1	0	0	0	0	1	0	1	1	0	0	0	0	0	0	2000		24	2000
0	1	1	0	1	1	0	0	0	1	0	1	0	0	1	0	0	1	0	2000		13	2000
0	0	0	1	1	0	0	0	0	0	0	2	0	0	0	0	0	0	0	2000		3	2000
0	1	0	0	1	1	0	1	0	0	0	0	0	0	0	0	0	0	0	2000		5	2000
11	0	1	2	0	0	0	0	0	0	0	0	1	0	0	0	0	0	0	2000		6	2000
2	2	1	1	1	0	0	0	0	0	0	0	0	1	0	0	0	0	0	2000		14	2000
3	1	0	0	0	0	0	0	0	1	0	0	0	1	0	0	0	0	0	2000		2	2000
2	0	0	0	1	0	0	0	0	0	0	0	0	0	0	0	0	0	0	2000		3	2000
1	0	1	0	2	0	0	0	0	0	0	0	0	0	0	0	0	1	0	2000		11	2000
0	0	0	1	0	0	0	0	0	0	0	1	0	0	0	0	0	0	0	2000		9	2000
1	0	2	2	0	2	0	1	0	0	0	0	2	0	0	0	0	0	0	2000		10	2000
4	1	1	0	0	0	0	0	0	0	0	0	1	0	0	0	0	0	0	2000		13	2000
6	1	2	0	1	1	0	0	0	0	0	0	0	0	0	0	0	0	0	2000		5	2000
0	1	1	3	1	1	0	1	1	0	0	0	0	1	0	0	0	0	0	2000		14	2000
5	1	2	0	0	0	0	0	0	0	1	2	0	1	0	1	0	2	0	2000		2	2000
1	1	1	0	0	0	0	0	0	0	0	0	1	0	0	0	0	0	0	2000		6	2000
0	1	1	0	0	1	1	0	0	2	0	0	1	0	0	0	0	0	0	2000		0	2000
0	1	0	0	0	2	0	0	0	0	0	0	0	0	0	0	0	0	0	2000		14	2000
1	0	1	0	1	0	0	0	0	0	1	0	1	0	0	0	1	0	0	2000		11	2000
0	4	0	2	0	0	0	0	0	0	0	0	1	0	1	0	0	0	0	2000		5	2000
3	3	1	1	0	1	0	0	0	0	0	0	0	0	0	0	0	0	1	2000		8	2000
1	0	0	0	0	0	1	0	0	1	0	0	0	0	0	0	0	0	0	2000		12	2000
1	2	1	0	0	0	1	0	0	0	1	0	0	0	2	1	1	0	0	2000		18	2000
2	1	2	1	0	0	0	0	0	0	0	0	0	0	0	0	0	0	0	2000		13	2000
0	0	0	2	0	0	0	1	0	0	0	0	0	0	1	0	0	0	0	2000		2	2000
3	1	1	0	0	0	0	0	1	1	0	1	0	0	0	0	0	0	0	2000		14	2000
2	0	0	1	1	0	0	0	0	0	0	0	1	0	0	0	0	1	0	2000		15	2000
0	1	0	1	0	0	0	0	0	0	0	0	0	0	0	0	0	0	0	2000		18	2000
1	2	2	0	1	0	0	1	0	0	3	0	0	0	0	0	0	0	1	2000		2	2000
1	0	2	1	0	0	0	0	1	0	0	0	0	0	0	2	0	0	0	2000		10	2000
2	0	0	1	0	1	0	0	0	0	0	0	1	0	0	1	0	0	0	2000		14	2000
2	4	0	0	0	0	1	0	0	0	0	0	0	0	0	0	0	0	0	2000		6	2000
0	1	0	2	0	0	1	0	0	0	0	0	0	0	0	0	0	1	0	2000		12	2000
2	7	0	2	0	1	0	1	0	2	0	0	0	0	0	0	0	0	0	2000		16	2000
0	2	1	0	0	0	0	0	0	0	0	0	0	0	0	1	0	1	0	2000		9	2000
1	1	1	0	0	0	0	0	0	0	0	0	0	0	0	0	0	0	0	2000		20	2000
2	1	1	2	0	2	0	1	1	0	0	0	1	1	1	0	1	0	0	2000		1	2000
3	1	1	0	0	0	0	0	1	0	0	0	0	0	0	0	0	1	1	2000		8	2000
4	0	0	0	1	0	0	0	0	0	0	0	0	0	0	0	0	0	0	2000		8	2000
2	1	3	0	1	1	0	1	1	0	0	0	1	1	0	0	0	0	1	2000		18	2000
5	0	2	1	0	2	2	0	1	0	0	0	1	1	0	0	0	0	0	2000		4	2000
0	0	0	1	2	1	0	0	0	2	0	0	0	0	1	0	0	0	0	2000		5	2000
2	1	1	1	1	0	0	1	0	0	0	0	1	0	1	0	0	0	0	2000		25	2000
0	1	0	0	0	0	1	0	0	0	0	0	0	0	0	0	0	0	0	2000		31	2000
1	0	3	0	0	0	0	0	0	0	0	0	0	0	0	0	0	0	0	2000		12	2000
1	0	1	1	0	0	0	0	1	1	0	0	0	0	0	0	0	0	0	2000		35	2000
2	2	0	0	1	0	0	0	0	0	0	0	0	1	1	0	0	0	0	2000		7	2000
0	4	1	0	0	0	0	1	1	0	0	0	0	1	0	0	0	0	0	2000		14	2000
0	0	0	0	0	0	1	1	1	0	0	0	1	0	0	0	0	0	0	2000		1	2000
5	1	0	0	0	0	0	0	0	0	1	0	0	0	0	0	0	1	0	2000		9	2000
1	0	0	1	0	1	0	0	0	0	0	1	0	0	0	0	0	0	1	2000		19	2000
0	1	2	0	0	2	0	1	0	0	0	0	0	0	0	0	0	0	0	2000		0	2000
1	0	0	1	0	1	2	0	0	0	0	1	1	0	0	0	0	0	0	2000		2	2000
1	2	0	3	0	0	2	0	0	1	0	0	0	0	0	0	0	0	0	2000		10	2000
1	0	0	0	1	0	0	1	0	0	0	0	1	0	0	0	0	0	0	2000		3	2000
0	2	0	0	0	0	0	1	0	0	0	0	1	0	0	0	0	0	0	2000		10	2000
0	0	0	0	0	0	0	0	0	0	1	1	2	1	0	0	0	0	0	2000		14	2000
4	1	3	0	0	0	0	0	0	0	0	0	1	0	0	0	0	0	0	2000		19	2000
6	0	0	0	1	1	0	0	0	0	0	0	0	0	0	0	0	0	0	2000		26	2000
1	0	1	0	0	0	0	0	0	1	0	1	0	0	0	0	0	0	0	2000		40	2000
1	0	0	0	1	0	1	0	0	0	0	0	0	0	0	0	0	0	0	2000		10	2000
3	0	2	0	0	0	0	1	0	0	0	0	0	0	0	0	0	0	0	2000		5	2000
7	3	0	0	1	1	1	0	0	0	0	0	0	1	0	0	0	0	0	2000		10	2000
3	1	0	1	1	0	1	1	0	0	0	1	0	0	0	0	0	0	0	2000		2	2000
4	2	1	0	0	0	1	0	0	1	0	0	0	1	0	0	0	0	1	2000		3	2000
5	3	0	0	0	0	0	0	0	0	0	1	0	0	0	0	0	0	0	2000		12	2000
0	1	0	0	1	0	0	0	0	1	1	1	0	1	0	0	0	0	0	2000		4	2000
4	0	0	1	0	1	1	0	0	0	0	1	0	0	0	0	0	0	0	2000		0	2000
0	0	0	0	1	0	0	0	0	0	0	0	1	0	0	0	0	0	0	2000		35	2000
0	2	0	1	0	0	0	0	1	0	0	1	0	0	0	1	0	0	1	2000		4	2000
0	0	0	1	1	0	0	0	0	0	0	0	0	0	0	0	0	1	0	2000		12	2000
3	2	2	0	0	0	0	1	0	0	0	0	0	0	0	0	1	0	0	2000		10	2000
1	0	0	0	2	1	0	1	0	0	0	0	0	0	0	0	0	0	0	2000		47	2000
1	1	1	0	0	0	0	0	0	0	0	1	0	0	0	0	0	0	0	2000		16	2000
1	1	1	0	0	0	0	0	1	0	0	0	1	0	0	0	0	0	0	2000		3	2000
1	4	1	2	2	0	1	0	0	1	0	1	0	0	0	0	1	1	0	2000		7	2000
0	0	0	1	1	0	0	0	1	0	0	0	0	0	0	0	0	0	0	2000		11	2000
2	1	1	1	2	0	0	0	0	0	0	0	1	0	0	0	0	0	0	2000		5	2000
5	3	3	0	0	0	0	0	0	0	0	0	0	0	0	0	0	0	0	2000		17	2000
3	1	0	1	0	0	0	0	0	0	0	0	0	0	0	0	0	0	0	2000		1	2000
2	0	1	2	0	3	0	0	0	1	0	0	1	0	0	0	0	1	0	2000		11	2000
6	0	0	1	1	1	0	0	0	0	0	0	0	0	0	0	0	0	0	2000		0	2000
1	1	1	0	0	0	0	1	0	0	0	0	0	0	0	0	0	0	0	2000		9	2000
4	1	0	0	0	1	0	0	2	0	0	0	0	0	0	0	0	0	0	2000		9	2000
1	1	0	0	0	0	0	0	0	0	0	0	0	0	0	0	0	0	0	2000		14	2000
1	0	1	0	0	0	0	0	0	0	0	0	0	0	0	0	0	0	0	2000		24	2000
0	0	0	0	2	0	0	0	0	0	0	2	0	0	0	0	0	1	0	2000		6	2000
7	0	0	1	0	1	0	0	0	0	0	0	0	0	1	0	0	0	0	2000		5	2000
4	1	0	0	0	0	0	0	0	0	0	0	0	0	0	0	0	0	0	2000		1	2000
0	0	0	0	0	0	0	0	0	0	0	0	0	0	2	2	0	0	0	2000		8	2000
3	1	1	0	0	1	1	0	0	0	0	0	0	0	1	0	0	0	0	2000		19	2000
0	0	0	1	0	1	0	0	0	0	0	0	0	0	0	0	0	0	0	2000		21	2000
1	1	1	0	0	2	0	0	0	0	0	0	0	0	2	0	0	0	0	2000		11	2000
0	0	0	0	0	1	0	0	0	0	1	1	0	0	0	0	0	0	0	2000		4	2000
4	0	1	0	1	0	0	0	0	1	0	0	0	0	0	1	0	0	0	2000		5	2000
1	9	1	1	0	0	0	0	0	0	0	1	1	0	0	0	0	1	1	2000		10	2000
6	0	0	2	1	0	0	0	1	0	0	0	0	0	0	0	0	0	0	2000		11	2000
5	0	1	1	1	1	0	0	1	0	0	0	1	1	0	0	0	0	0	2000		2	2000
2	0	0	1	1	0	0	0	0	1	1	0	0	0	0	0	0	0	0	2000		11	2000
3	4	3	3	0	0	1	0	0	0	0	0	0	0	0	1	0	0	2	2000		5	2000
1	0	0	0	0	1	0	0	1	1	0	0	0	0	0	1	1	0	0	2000		16	2000
0	1	2	0	3	0	0	0	1	0	0	0	0	0	0	0	0	0	0	2000		5	2000
4	0	0	1	0	0	0	1	0	0	0	0	0	0	0	1	0	0	0	2000		10	2000
3	0	0	1	0	0	2	0	1	0	0	0	0	0	0	0	0	0	0	2000		2	2000
1	1	0	0	0	0	0	1	0	0	0	0	0	0	0	0	0	0	0	2000		15	2000
0	1	0	0	1	0	0	1	2	0	0	0	0	1	0	0	0	0	0	2000		3	2000
10	0	0	0	0	1	1	0	0	0	0	1	0	0	0	0	0	0	0	2000		0	2000
3	0	0	0	0	0	3	0	0	0	0	0	1	0	0	0	0	1	0	2000		10	2000
0	0	1	0	0	0	1	0	0	0	0	0	0	0	0	0	0	0	0	2000		5	2000
1	1	1	0	0	0	1	0	0	0	0	0	0	1	0	0	0	0	0	2000		18	2000
1	2	0	1	0	1	2	1	0	0	0	0	0	0	0	0	0	1	0	2000		1	2000
1	0	0	0	1	0	3	0	0	0	0	0	0	0	0	0	1	0	0	2000		39	2000
3	0	0	1	0	0	0	0	0	0	0	0	1	0	0	0	0	0	0	2000		11	2000
0	2	3	0	2	2	1	0	0	0	0	0	0	0	0	0	0	0	0	2000		2	2000
0	3	0	0	0	1	0	1	0	0	0	0	0	0	0	0	0	0	0	2000		26	2000
3	0	2	0	0	0	0	0	2	0	0	0	0	0	0	1	0	1	0	2000		2	2000
0	0	2	1	0	0	0	1	1	0	0	1	0	0	1	0	0	0	0	2000		4	2000
1	2	2	1	1	0	0	0	0	0	0	0	0	0	0	0	0	0	0	2000		6	2000
2	0	0	0	0	0	0	1	0	0	0	0	0	0	0	0	0	0	1	2000		2	2000
3	1	3	1	0	0	0	1	1	0	0	0	0	0	1	0	0	0	0	2000		5	2000
2	7	2	0	1	0	0	0	0	1	0	0	0	1	0	0	0	0	0	2000		10	2000
1	0	1	0	0	0	0	0	0	0	0	1	0	0	0	0	0	0	0	2000		12	2000
1	0	2	1	1	0	0	1	0	0	0	1	0	0	0	0	0	0	0	2000		7	2000
3	0	2	0	1	0	0	0	0	0	1	0	0	1	1	0	0	0	0	2000		1	2000
0	1	1	0	0	0	0	0	0	0	0	0	0	0	0	0	0	0	1	2000		0	2000
6	0	0	0	1	0	0	0	0	0	0	1	1	0	0	0	0	0	0	2000		6	2000
1	4	2	0	0	0	0	0	0	0	0	0	0	0	0	0	0	0	0	2000		18	2000
0	0	0	0	0	0	1	1	0	0	0	2	0	0	0	0	0	0	1	2000		11	2000
0	0	0	0	1	0	1	0	0	0	2	0	0	0	0	0	0	1	0	2000		32	2000
1	0	1	3	0	0	0	0	2	1	0	1	0	0	0	1	0	0	0	2000		10	2000
1	4	1	1	1	1	0	0	0	0	0	0	0	0	0	0	0	0	0	2000		7	2000
0	1	1	0	1	0	1	0	0	0	0	0	1	0	0	0	0	0	0	2000		4	2000
1	0	0	0	1	0	0	1	0	0	1	2	0	0	1	0	0	0	0	2000		33	2000
3	1	0	0	0	0	0	0	0	1	0	0	0	0	0	0	0	0	0	2000		5	2000
0	2	1	0	0	0	1	0	0	0	0	0	0	0	0	0	0	0	0	2000		1	2000
7	2	2	0	1	0	0	0	0	1	0	0	1	0	0	0	0	0	1	2000		5	2000
5	2	1	0	0	0	0	0	0	0	0	1	0	0	0	0	0	0	0	2000		7	2000
2	1	0	1	0	0	0	0	0	1	2	0	0	0	0	0	0	0	0	2000		27	2000
1	1	0	0	0	0	0	1	0	0	0	0	0	0	0	0	0	0	0	2000		10	2000
0	1	1	0	0	1	0	1	1	0	0	0	0	0	0	0	0	0	0	2000		18	2000
3	2	0	0	0	0	4	0	0	0	0	0	0	0	0	0	0	1	0	2000		17	2000
2	0	1	0	0	0	0	3	0	0	0	0	1	0	0	0	0	0	0	2000		4	2000
2	0	0	0	0	0	0	1	0	0	0	0	2	0	0	1	0	0	0	2000		4	2000
1	0	0	2	0	0	0	0	0	1	0	0	1	0	0	1	0	0	0	2000		18	2000
0	1	4	0	1	0	0	0	0	0	0	0	0	0	0	0	0	0	0	2000		14	2000
1	1	1	1	0	0	0	0	0	0	1	0	0	0	0	0	0	1	0	2000		11	2000
0	0	0	2	0	1	0	0	0	0	2	0	0	0	0	1	0	0	0	2000		9	2000
1	3	0	0	0	0	0	0	0	0	2	0	0	0	0	0	0	0	0	2000		2	2000
0	1	0	1	0	0	0	0	0	0	0	1	1	0	0	0	0	0	0	2000		9	2000
2	0	2	0	0	1	0	0	0	0	0	0	0	0	0	1	0	0	0	2000		32	2000
2	0	0	0	0	0	0	0	1	0	0	0	1	1	1	0	0	0	0	2000		10	2000
3	3	1	0	1	0	0	1	0	0	1	0	0	0	0	0	0	0	0	2000		24	2000
2	0	0	1	0	1	0	0	2	0	0	0	0	0	0	0	0	0	0	2000		2	2000
2	0	0	0	0	0	0	0	0	0	0	2	0	0	0	0	1	0	0	2000		11	2000
0	4	0	1	0	0	0	1	0	0	0	0	0	0	0	0	0	0	0	2000		26	2000
0	0	0	0	0	0	0	0	0	0	0	1	1	0	0	0	0	0	0	2000		11	2000
2	1	0	0	2	0	1	1	0	0	0	0	0	0	0	0	0	0	0	2000		5	2000
5	0	0	0	0	2	1	2	0	0	1	0	0	0	0	0	0	0	0	2000		46	2000
1	2	0	0	0	0	0	0	0	0	0	0	0	0	0	0	0	0	0	2000		11	2000
2	0	1	1	0	1	0	1	0	0	1	0	1	0	1	0	0	0	0	2000		12	2000
0	1	0	0	1	0	0	1	2	1	1	0	0	0	0	0	1	0	0	2000		10	2000
0	3	0	1	0	1	2	0	0	1	0	0	0	0	1	0	0	0	0	2000		17	2000
1	0	2	2	1	2	0	2	0	0	0	0	0	0	0	0	0	1	0	2000		10	2000
2	0	0	0	1	0	2	0	0	0	0	0	0	0	1	0	0	0	0	2000		19	2000
1	0	1	0	0	0	1	0	2	0	0	0	0	0	0	0	0	0	0	2000		12	2000
0	0	2	0	1	0	0	0	0	0	0	0	0	0	0	0	0	0	0	2000		33	2000
0	0	0	0	0	1	0	1	1	0	0	0	0	0	0	0	0	0	0	2000		5	2000
1	2	0	3	0	0	0	0	0	0	3	0	0	0	0	0	0	1	0	2000		14	2000
4	0	0	1	0	0	1	0	0	0	0	0	0	0	1	0	0	2	0	2000		15	2000
3	1	1	0	0	0	0	0	0	0	0	0	1	0	0	0	0	0	1	2000		17	2000
1	1	2	1	0	0	0	0	0	0	0	0	0	0	0	0	0	0	0	2000		8	2000
6	1	0	0	0	0	0	0	0	0	0	0	1	0	1	1	0	0	0	2000		5	2000
0	0	0	4	0	0	0	1	0	0	0	0	0	0	0	0	0	0	0	2000		16	2000
5	2	0	0	0	0	0	0	1	1	0	0	2	1	0	0	0	0	0	2000		14	2000
2	0	6	0	0	0	1	1	0	0	1	0	0	0	0	0	0	0	0	2000		4	2000
3	0	0	0	0	2	1	0	0	0	0	0	0	0	0	0	0	0	1	2000		3	2000
4	2	1	0	0	1	0	0	0	0	0	0	0	0	0	0	0	1	0	2000		9	2000
1	0	1	0	0	0	0	0	0	0	0	1	0	0	0	0	1	0	0	2000		11	2000
2	1	0	0	0	0	1	0	2	0	0	0	0	0	0	0	0	0	0	2000		10	2000
0	0	1	1	1	1	1	0	0	0	0	0	0	0	1	0	0	1	0	2000		10	2000
1	2	0	1	0	0	0	0	1	0	1	0	0	1	0	0	0	0	0	2000		6	2000
5	1	0	0	0	0	0	1	1	1	1	0	0	0	0	1	0	0	0	2000		6	2000
1	1	0	0	0	0	0	0	0	0	0	0	0	0	0	0	0	0	0	2000		13	2000
5	7	0	0	0	1	1	0	1	0	0	0	0	0	0	0	0	0	0	2000		9	2000
0	2	1	0	0	0	0	0	0	0	0	0	1	1	0	0	0	0	0	2000		20	2000
6	1	1	0	0	1	0	0	0	0	0	0	0	0	0	0	0	0	0	2000		8	2000
0	1	0	3	1	0	0	0	1	0	0	0	0	0	0	0	0	0	0	2000		13	2000
2	2	2	0	0	0	0	0	1	0	0	0	0	0	1	0	1	0	0	2000		6	2000
1	1	0	0	0	0	0	0	1	0	0	0	1	1	0	0	0	0	0	2000		11	2000
0	2	0	0	0	0	0	0	0	0	0	0	0	0	0	0	0	0	0	2000		3	2000
3	0	0	1	0	0	1	0	0	0	1	0	0	0	0	2	0	0	0	2000		6	2000
1	2	1	0	0	0	0	0	0	0	0	0	0	0	0	0	0	0	0	2000		0	2000
4	1	0	0	0	0	1	1	0	0	0	1	0	0	0	2	0	1	1	2000		28	2000
2	0	1	0	0	0	1	0	0	0	0	0	0	0	0	0	1	0	0	2000		3	2000
1	0	0	0	0	1	0	0	0	1	0	0	0	0	0	0	0	1	0	2000		1	2000
4	0	1	1	0	0	0	0	0	1	1	0	0	0	0	0	0	0	0	2000		14	2000
1	1	0	0	0	0	0	0	0	0	2	0	0	0	0	0	0	0	0	2000		16	2000
2	1	2	0	0	0	0	2	0	0	0	0	0	1	0	0	0	0	0	2000		1	2000
3	2	0	1	1	1	0	0	1	0	0	0	0	0	0	0	0	0	0	2000		7	2000
3	1	0	0	1	0	0	0	0	0	0	0	0	0	0	0	0	0	0	2000		4	2000
0	1	0	0	0	0	0	0	0	0	0	0	0	0	0	0	0	0	1	2000		19	2000
1	2	1	0	0	0	0	0	0	0	0	0	0	0	0	0	0	0	0	2000		27	2000
0	0	0	0	0	2	1	0	1	0	0	0	0	0	0	0	0	0	0	2000		2	2000
0	0	0	2	0	0	0	0	0	0	0	1	0	0	0	0	0	0	0	2000		12	2000
2	0	0	0	0	0	0	2	0	0	0	0	0	0	0	0	0	1	0	2000		29	2000
1	3	0	0	1	1	1	1	0	0	0	0	0	0	0	0	0	0	0	2000		9	2000
1	0	0	0	1	1	2	0	0	0	0	0	0	0	0	0	0	0	0	2000		25	2000
2	0	0	0	1	0	0	0	0	0	0	0	1	1	0	0	0	0	0	2000		15	2000
0	1	0	0	0	0	0	0	0	0	0	0	2	1	0	0	0	0	1	2000		11	2000
7	1	0	0	0	0	0	0	1	0	0	0	0	1	0	0	1	0	0	2000		3	2000
2	0	0	0	0	0	0	0	0	1	0	0	0	0	0	0	0	0	0	2000		22	2000
1	6	0	1	1	0	0	0	0	0	0	0	2	0	0	0	0	1	0	2000		13	2000
4	1	0	0	0	0	0	0	0	0	1	0	1	0	0	0	0	0	0	2000		16	2000
1	0	0	1	0	0	0	0	0	1	0	0	0	0	0	0	0	1	0	2000		20	2000
6	0	1	0	0	0	0	1	0	0	0	0	0	0	0	0	0	0	0	2000		1	2000
0	0	0	1	0	0	1	0	0	0	0	0	0	0	1	0	0	0	0	2000		17	2000
1	1	3	2	0	0	0	0	0	0	0	0	0	0	0	0	0	0	0	2000		6	2000
0	2	1	0	0	1	0	0	0	0	0	0	0	0	0	0	0	0	0	2000		11	2000
2	1	2	1	0	1	0	1	0	0	0	0	1	0	0	0	0	0	0	2000		2	2000
0	1	1	2	0	0	0	0	1	0	0	0	0	0	0	0	0	0	0	2000		6	2000
1	0	0	0	0	0	0	0	0	0	1	0	0	1	0	0	0	0	1	2000		15	2000
0	5	0	1	2	1	0	1	1	1	1	0	0	0	0	0	0	0	0	2000		17	2000
1	0	0	0	0	1	0	0	0	0	0	0	0	0	0	0	0	0	0	2000		1	2000
0	1	1	0	1	0	0	0	0	0	0	0	0	0	1	0	0	0	0	2000		8	2000
0	0	2	1	1	0	1	0	0	0	0	0	1	0	0	0	0	0	0	2000		1	2000
1	0	2	0	3	0	1	0	0	1	0	1	1	0	0	0	0	0	0	2000		15	2000
0	2	0	0	0	0	0	0	0	0	0	0	0	0	1	0	0	0	0	2000		28	2000
0	0	2	1	1	0	1	0	0	0	1	0	0	0	0	0	0	0	0	2000		5	2000
1	0	0	1	0	0	0	1	0	1	0	0	0	0	0	0	0	0	0	2000		17	2000
0	1	2	1	0	1	1	0	0	1	0	0	0	0	0	0	0	0	0	2000		7	2000
1	1	0	0	0	0	0	2	0	1	0	0	0	0	0	0	0	1	1	2000		15	2000
1	1	1	4	0	0	0	0	0	0	0	0	0	1	0	0	0	0	0	2000		17	2000
0	1	1	0	0	0	0	1	0	0	0	0	2	1	0	0	0	0	0	2000		14	2000
1	1	0	0	0	1	0	0	0	0	0	0	2	1	0	0	0	0	0	2000		13	2000
0	1	0	2	0	2	1	0	1	0	1	0	0	0	1	0	0	0	0	2000		3	2000
0	0	0	0	0	0	0	0	0	1	0	0	1	0	0	1	1	1	0	2000		4	2000
4	1	1	0	0	1	0	0	0	0	0	0	0	0	0	0	0	1	0	2000		0	2000
2	4	0	0	0	0	0	0	0	0	0	0	0	0	1	0	0	0	0	2000		6	2000
1	0	0	0	0	0	0	0	0	0	0	0	0	0	0	1	0	0	0	2000		3	2000
1	0	0	0	1	0	2	0	1	0	0	1	0	0	1	0	0	3	0	2000		13	2000
5	0	0	0	1	0	0	0	0	1	0	0	0	1	0	0	0	0	1	2000		20	2000
1	1	0	1	0	1	0	0	0	0	0	1	0	0	0	0	0	0	0	2000		17	2000
2	2	2	1	0	0	2	0	1	0	0	0	0	0	0	0	0	0	0	2000		20	2000
2	4	3	0	1	1	0	2	1	0	0	0	1	0	0	0	0	0	0	2000		19	2000
1	3	1	0	0	0	0	0	0	0	0	0	0	0	0	0	0	1	0	2000		9	2000
1	0	0	1	0	0	0	1	0	0	1	0	0	0	0	0	1	0	0	2000		0	2000
1	3	1	0	0	0	1	0	0	1	0	0	0	1	1	0	0	0	0	2000		1	2000
0	1	1	1	0	2	0	0	0	0	0	0	1	1	0	0	0	0	0	2000		26	2000
2	0	1	1	0	0	0	0	0	0	0	0	0	0	0	0	0	0	0	2000		8	2000
0	0	0	1	0	0	0	0	0	1	1	0	0	0	0	0	0	0	0	2000		4	2000
1	0	0	0	0	0	0	0	0	0	0	0	0	2	0	0	1	0	0	2000		8	2000
2	4	0	0	0	0	0	0	0	1	0	1	0	0	0	0	0	0	0	2000		2	2000
3	1	0	0	0	0	0	0	0	0	0	0	0	0	0	0	0	0	0	2000		14	2000
0	1	0	1	0	0	0	0	0	0	0	0	0	0	0	0	0	1	0	2000		10	2000
3	1	0	2	0	0	0	0	0	1	1	0	1	0	0	0	0	0	0	2000		3	2000
1	0	1	0	1	1	0	1	0	0	0	0	0	1	0	0	0	0	0	2000		11	2000
2	1	2	2	0	0	0	0	4	0	0	0	0	0	0	0	1	0	0	2000		28	2000
0	0	1	0	1	0	0	0	0	0	0	0	0	1	0	0	0	0	0	2000		4	2000
1	1	0	0	0	1	0	0	0	1	0	0	0	0	0	0	0	0	0	2000		11	2000
2	0	2	1	0	0	0	0	0	0	0	0	0	0	0	0	0	0	1	2000		1	2000
4	0	1	0	0	0	0	1	0	0	0	0	0	0	0	0	0	0	0	2000		9	2000
6	2	0	0	2	0	0	0	0	0	0	0	0	2	0	1	0	0	0	2000		10	2000
1	0	1	0	0	0	0	0	0	1	0	1	0	0	0	0	0	0	0	2000		7	2000
0	0	3	0	2	0	0	0	0	0	1	0	1	0	0	0	0	0	0	2000		6	2000
1	3	1	2	0	0	1	0	1	0	1	0	1	0	0	0	0	0	0	2000		10	2000
0	2	3	0	0	1	0	0	0	0	0	0	1	0	0	0	0	0	0	2000		10	2000
3	0	0	1	0	0	1	1	1	0	0	1	0	0	0	0	0	0	0	2000		23	2000
3	0	1	0	2	0	0	0	0	0	1	0	0	0	0	0	0	0	0	2000		3	2000
2	1	2	1	1	1	0	1	0	0	1	0	0	0	0	0	0	0	0	2000		4	2000
0	0	0	3	2	2	0	0	0	0	0	0	0	0	1	0	0	0	0	2000		5	2000
4	1	1	0	2	0	1	0	0	1	1	1	0	0	0	0	0	0	0	2000		15	2000
8	0	0	0	0	0	2	1	1	0	1	1	0	0	0	0	0	0	0	2000		9	2000
0	1	0	2	0	0	0	0	0	0	0	0	0	0	0	1	0	0	0	2000		7	2000
1	2	0	2	0	0	1	0	0	0	0	0	1	0	0	0	0	0	0	2000		1	2000
5	1	1	0	0	0	0	0	1	0	0	0	1	0	0	0	0	0	1	2000		16	2000
0	1	0	1	0	0	0	0	0	0	0	1	0	0	1	0	0	0	0	2000		11	2000
1	1	2	3	0	0	0	0	0	0	0	1	0	0	0	0	0	0	0	2000		26	2000
4	0	0	0	0	1	0	0	0	0	1	1	0	0	0	0	0	0	0	2000		9	2000
0	1	0	1	0	0	1	0	0	0	0	1	0	0	0	0	0	0	0	2000		9	2000
5	1	2	0	0	0	1	1	0	0	0	0	0	0	0	0	0	0	0	2000		13	2000
0	1	0	0	0	0	0	0	0	0	0	0	0	1	0	0	0	0	0	2000		5	2000
0	2	0	1	1	0	0	0	0	0	0	0	0	0	0	0	0	0	0	2000		23	2000
3	0	0	0	0	0	0	0	0	0	0	0	1	0	0	0	0	0	1	2000		2	2000
2	1	0	1	0	0	4	1	0	0	1	1	0	1	0	0	0	0	0	2000		1	2000
1	2	0	1	0	0	0	0	0	0	0	0	0	0	0	1	0	0	1	2000		15	2000
0	4	0	0	0	0	0	1	0	0	0	0	0	0	0	0	0	0	0	2000		2	2000
1	1	0	0	1	0	0	0	0	0	1	0	0	0	0	0	0	0	1	2000		12	2000
0	2	1	0	0	0	3	0	1	0	0	0	0	0	0	0	0	0	0	2000		6	2000
2	2	0	1	0	0	0	0	0	0	0	0	1	1	0	0	0	1	0	2000		10	2000
1	2	1	0	0	0	0	0	0	0	0	0	0	0	0	0	0	0	0	2000		11	2000
1	1	0	1	1	1	2	0	0	0	1	0	0	0	0	0	0	0	0	2000		12	2000
0	1	0	0	2	1	0	0	0	0	0	0	0	0	0	0	0	0	0	2000		5	2000
1	0	2	1	0	0	0	0	1	0	0	0	1	0	0	0	0	0	1	2000		8	2000
2	3	0	0	0	0	1	0	0	0	0	0	0	0	0	0	0	0	0	2000		0	2000
0	2	0	0	0	0	0	0	1	0	0	0	0	0	0	0	0	0	0	2000		9	2000
3	0	0	3	0	1	0	0	0	0	1	0	0	0	0	0	0	1	0	2000		18	2000
0	2	2	0	0	0	1	0	0	1	0	0	0	0	0	0	0	0	0	2000		12	2000
3	0	1	0	1	0	0	2	0	0	0	1	0	0	0	0	0	0	1	2000		5	2000
0	3	1	0	0	1	0	2	0	0	0	0	0	0	1	0	1	0	1	2000		3	2000
2	1	1	0	0	0	1	0	0	0	1	0	0	0	0	0	1	0	0	2000		4	2000
2	0	0	0	0	0	0	0	1	0	1	0	0	0	0	0	0	0	0	2000		12	2000
3	1	1	0	0	0	3	0	0	0	0	1	0	0	0	1	0	0	0	2000		5	2000
0	0	0	0	0	0	0	1	1	0	0	0	0	0	0	0	0	0	0	2000		5	2000
0	1	0	1	0	1	0	0	0	0	0	0	0	0	0	0	0	0	1	2000		22	2000
2	0	0	0	1	2	0	0	0	1	0	0	0	0	0	1	0	0	0	2000		11	2000
6	0	1	0	2	1	0	1	0	0	0	0	0	0	0	0	0	0	0	2000		10	2000
2	0	0	2	0	0	0	0	0	0	0	0	0	1	0	0	0	0	0	2000		4	2000
2	2	3	0	1	2	0	0	0	0	0	1	0	0	0	1	0	0	0	2000		16	2000
1	0	0	0	2	1	2	0	0	0	0	0	0	0	0	0	0	0	0	2000		16	2000
2	0	2	0	0	0	0	1	0	0	0	0	1	0	0	0	1	0	0	2000		4	2000
2	0	0	0	0	1	0	1	0	0	0	0	0	0	0	0	0	0	0	2000		20	2000
2	1	1	0	0	0	0	0	1	0	0	0	0	0	0	0	1	0	0	2000		8	2000
1	0	0	0	0	0	1	0	0	0	1	0	0	0	0	0	0	0	0	2000		5	2000
2	0	2	0	0	0	0	1	0	0	0	0	0	0	0	1	0	0	0	2000		14	2000
4	2	1	0	0	1	0	0	0	0	0	0	0	0	0	0	0	0	0	2000		10	2000
0	0	0	0	1	0	1	0	0	0	1	0	0	1	0	0	0	0	0	2000		7	2000
1	0	1	0	0	0	0	0	0	0	0	0	0	0	0	0	0	0	0	2000		10	2000
3	0	1	2	4	2	0	0	1	0	0	0	0	0	1	0	0	0	0	2000		9	2000
1	0	0	1	0	0	0	0	0	2	0	0	0	0	0	1	0	0	0	2000		5	2000
0	1	2	0	1	0	0	0	0	0	0	0	0	0	0	0	0	0	0	2000		14	2000
0	2	0	5	1	0	0	0	1	0	1	0	0	0	0	0	0	0	0	2000		12	2000
0	2	0	1	1	1	0	0	0	0	0	0	0	1	1	0	0	0	1	2000		12	2000
1	3	0	3	0	0	0	0	1	0	0	0	0	0	0	0	0	1	0	2000		12	2000
0	1	1	1	0	1	0	0	0	0	1	1	0	0	0	0	0	1	0	2000		28	2000
2	1	1	0	0	0	0	0	0	0	0	0	1	0	0	0	0	0	0	2000		7	2000
0	0	0	0	1	0	0	0	1	0	0	0	0	0	0	0	0	0	0	2000		8	2000
1	0	0	0	1	1	0	0	0	0	1	0	0	0	0	0	0	0	0	2000		5	2000
0	1	0	1	0	0	0	0	0	0	1	0	0	0	0	0	0	0	0	2000		10	2000
4	0	0	1	0	1	0	0	0	0	0	0	0	0	0	0	0	0	0	2000		3	2000
1	0	2	0	0	0	0	1	0	0	0	2	0	0	0	0	0	0	0	2000		5	2000
9	2	0	1	1	0	0	0	0	1	0	0	0	1	0	0	0	0	1	2000		19	2000
2	2	1	0	0	0	0	0	0	0	0	0	0	1	0	2	0	0	0	2000		8	2000
2	1	0	0	1	0	1	0	0	0	0	0	0	0	0	0	0	0	0	2000		4	2000
2	0	2	1	0	0	0	0	2	0	0	0	1	0	1	0	1	0	0	2000		29	2000
7	0	0	0	0	0	1	1	0	1	0	0	0	0	0	0	0	0	0	2000		9	2000
0	0	1	0	1	0	0	1	0	0	0	0	0	0	0	0	0	0	0	2000		22	2000
3	4	2	0	0	0	0	0	0	0	0	1	0	0	0	0	0	0	0	2000		4	2000
1	0	0	0	1	0	0	0	0	0	0	0	0	0	0	0	0	0	0	2000		9	2000
1	3	1	1	0	0	0	0	1	0	0	0	0	0	0	0	0	0	0	2000		15	2000
14	0	0	0	0	1	0	0	0	0	2	0	0	1	0	0	0	1	0	2000		11	2000
0	0	0	3	1	1	0	0	0	0	0	0	0	0	0	0	0	0	0	2000		2	2000
0	1	1	0	0	0	0	0	0	0	0	0	0	0	1	1	0	0	0	2000		3	2000
2	1	0	0	0	0	0	0	0	1	0	0	0	1	0	0	0	0	0	2000		15	2000
2	1	1	1	1	1	0	0	0	1	0	0	1	0	0	0	0	0	0	2000		12	2000
0	0	0	0	0	0	0	1	0	0	0	1	0	0	0	0	1	0	0	2000		3	2000
3	3	0	2	0	0	0	0	0	0	0	0	0	0	0	0	0	0	0	2000		18	2000
1	0	0	0	1	0	0	0	0	0	0	0	0	0	0	0	1	0	0	2000		14	2000
2	0	2	0	0	0	0	0	1	1	0	0	0	0	0	0	1	0	0	2000		4	2000
4	2	3	0	0	0	0	0	0	0	0	0	0	1	0	0	0	0	0	2000		8	2000
0	0	1	1	1	0	0	0	0	0	0	0	0	0	0	0	0	0	1	2000		9	2000
0	1	1	0	0	0	0	0	1	0	0	1	0	0	0	0	0	0	0	2000		23	2000
2	0	6	0	0	0	1	1	0	0	0	0	0	0	0	0	0	0	0	2000		6	2000
0	2	0	1	0	0	0	0	0	0	1	1	0	0	0	0	0	0	0	2000		5	2000
2	1	1	1	0	0	0	2	0	0	0	0	0	0	0	0	0	0	1	2000		7	2000
0	2	0	1	0	0	0	1	1	0	1	0	0	0	0	0	0	0	1	2000		14	2000
2	2	0	1	0	0	0	0	0	0	0	0	0	0	0	0	0	0	0	2000		20	2000
2	0	0	1	3	1	0	1	0	0	0	1	0	0	0	0	0	0	0	2000		17	2000
3	4	1	0	0	0	0	0	0	0	0	0	0	0	0	1	0	0	0	2000		8	2000
4	1	0	0	0	0	1	0	0	1	0	0	0	0	1	0	1	1	0	2000		2	2000
4	0	0	0	0	0	1	0	0	0	0	0	0	0	0	0	0	0	0	2000		16	2000
2	0	0	1	0	4	0	1	0	1	0	1	0	0	1	0	0	0	0	2000		2	2000
1	0	0	0	1	0	0	0	0	0	0	0	0	0	0	0	0	0	0	2000		18	2000
0	1	0	1	0	0	0	0	0	0	0	0	0	3	0	0	0	0	0	2000		3	2000
1	3	0	0	1	1	0	0	1	0	0	0	0	0	0	0	1	0	0	2000		11	2000
2	0	1	1	0	1	0	0	0	1	1	0	0	1	0	0	0	0	0	2000		10	2000
4	0	0	0	1	0	0	0	0	0	0	0	0	0	0	0	1	2	0	2000		20	2000
1	1	0	0	0	0	0	0	2	0	0	1	0	1	0	0	0	0	1	2000		5	2000
0	2	2	0	0	0	0	0	0	0	0	0	1	0	0	0	1	0	0	2000		9	2000
0	0	1	1	1	0	0	0	0	0	2	0	0	0	0	0	0	0	1	2000		6	2000
2	1	0	0	0	0	0	0	0	0	0	0	1	0	0	0	0	0	0	2000		13	2000
0	0	0	0	0	0	0	1	0	0	0	2	0	0	2	0	0	0	0	2000		30	2000
0	2	0	1	0	0	0	0	0	0	0	0	0	0	0	0	0	0	0	2000		14	2000
1	1	1	0	1	1	0	0	0	0	0	0	1	0	0	0	0	0	0	2000		12	2000
0	1	1	0	1	0	1	0	0	0	1	0	0	0	0	0	0	0	0	2000		10	2000
0	3	0	1	1	0	2	0	0	0	0	0	0	0	0	0	0	0	0	2000		13	2000
2	1	0	2	0	0	0	0	0	0	0	0	0	0	0	0	0	0	0	2000		15	2000
1	0	1	2	0	0	0	0	1	0	0	0	0	0	0	0	0	0	1	2000		9	2000
1	0	2	0	0	0	0	0	0	0	0	0	0	0	0	1	0	0	0	2000		8	2000
0	3	1	0	1	2	0	0	1	0	0	0	0	0	0	0	0	0	0	2000		9	2000
1	0	1	0	0	1	0	0	0	0	0	0	0	0	0	0	1	0	0	2000		8	2000
0	1	0	0	0	0	0	0	0	1	0	0	0	0	0	0	1	0	1	2000		36	2000
2	1	2	0	0	0	0	0	0	2	0	0	1	0	0	0	0	0	0	2000		4	2000
0	3	3	2	0	0	1	0	1	0	0	0	0	0	0	0	0	0	0	2000		13	2000
1	3	1	0	0	0	1	0	0	1	0	0	0	0	0	0	0	0	0	2000		11	2000
0	1	0	0	0	1	0	1	0	0	0	0	0	0	0	0	0	0	1	2000		8	2000
0	1	1	0	0	1	0	1	1	0	0	0	0	0	0	0	0	0	0	2000		14	2000
1	2	1	0	0	2	0	1	0	0	0	0	0	0	0	0	0	0	0	2000		15	2000
0	1	0	1	0	2	0	0	0	0	0	0	0	0	0	0	0	0	0	2000		5	2000
0	1	0	0	1	0	0	0	0	0	0	1	1	0	0	0	0	0	0	2000		5	2000
2	0	0	0	0	0	0	1	0	0	0	0	0	0	0	0	0	0	0	2000		17	2000
0	2	0	0	1	2	0	0	0	0	1	0	0	0	0	0	1	0	1	2000		4	2000
0	0	0	0	0	1	1	1	0	0	0	0	0	2	0	0	0	0	0	2000		15	2000
1	1	2	0	0	0	0	0	0	0	0	0	0	0	0	0	0	0	0	2000		9	2000

30	3	8	2	4	3	4	0	4	3	0	1	2	3	2	0	0	2	0	6000		156	6000
11	5	10	4	2	1	2	1	1	0	0	1	0	2	1	0	3	2	0	6000		208	6000
5	7	8	2	4	2	1	4	0	0	4	1	1	0	1	0	1	1	3	6000		60	6000
11	13	7	1	1	0	0	4	2	1	0	3	1	3	2	4	1	1	2	6000		99	6000
1	0	10	0	2	3	7	0	3	3	2	0	1	1	4	2	0	1	1	6000		125	6000
11	1	5	7	0	4	3	0	2	1	0	1	1	2	4	0	0	4	1	6000		85	6000
6	6	0	5	0	4	1	0	0	7	0	1	0	0	2	2	1	1	0	6000		106	6000
3	18	2	1	1	2	0	0	2	1	5	0	3	2	0	1	1	1	2	6000		148	6000
4	12	6	1	2	4	5	1	2	1	0	0	0	0	1	1	1	1	1	6000		1	6000
19	8	1	0	1	2	3	2	0	2	2	2	0	0	1	1	0	0	0	6000		26	6000
19	2	4	3	0	0	6	4	3	0	4	5	2	2	0	6	0	2	1	6000		217	6000
8	4	0	1	3	1	3	2	3	0	0	2	0	1	0	0	2	1	1	6000		141	6000
1	8	6	1	1	0	2	2	3	0	0	3	2	0	3	0	0	3	0	6000		61	6000
11	2	1	3	3	4	3	4	5	1	0	6	0	1	0	1	0	1	1	6000		141	6000
10	3	4	3	1	7	0	1	2	2	1	0	1	0	0	2	0	2	0	6000		103	6000
14	11	6	10	1	0	1	1	0	1	3	0	7	0	0	1	3	1	1	6000		300	6000
6	4	5	7	7	3	3	1	0	1	2	0	0	2	2	3	2	2	1	6000		31	6000
5	11	0	0	4	4	3	0	2	0	2	2	4	0	2	1	2	0	0	6000		74	6000
10	2	1	2	1	3	0	4	1	0	1	3	3	1	2	0	0	3	3	6000		71	6000
9	4	1	1	1	6	3	3	0	0	2	4	1	1	0	0	2	1	4	6000		97	6000
2	4	11	5	0	2	2	0	0	1	1	0	0	0	1	1	3	0	5	6000		39	6000
12	8	3	1	1	6	4	0	0	0	0	0	1	0	0	1	3	1	0	6000		183	6000
21	4	0	1	0	0	4	5	1	1	1	0	0	0	1	1	0	3	0	6000		102	6000
7	9	4	3	13	9	0	3	2	5	6	2	0	1	3	0	0	0	0	6000		6	6000
3	2	5	6	5	8	1	1	0	1	2	0	0	0	2	2	0	4	0	6000		76	6000
24	18	5	2	3	2	2	1	0	0	0	1	0	1	2	2	1	0	1	6000		75	6000
11	16	3	5	5	4	2	2	0	1	1	0	3	1	0	0	0	0	1	6000		38	6000
9	5	8	5	2	2	5	5	2	2	2	0	0	1	3	0	2	1	3	6000		213	6000
5	5	2	0	2	5	0	2	2	0	0	1	0	1	2	0	3	1	4	6000		167	6000
17	8	2	7	0	5	0	1	1	7	0	1	0	0	0	0	3	0	1	6000		68	6000
0	5	1	2	3	2	1	1	0	2	0	1	5	2	1	0	1	0	1	6000		126	6000
7	20	4	5	0	0	1	0	2	1	2	0	1	1	0	0	3	1	0	6000		321	6000
8	3	5	3	3	1	2	0	3	1	5	0	2	0	1	0	1	2	0	6000		64	6000
8	0	5	2	5	2	3	1	6	6	1	2	0	0	0	0	1	0	0	6000		413	6000
27	14	6	0	3	3	0	3	0	2	2	3	0	0	2	0	2	0	2	6000		94	6000
12	2	0	9	2	0	0	5	0	1	1	1	2	4	1	1	0	0	1	6000		239	6000
14	0	1	2	4	1	1	1	2	0	2	0	5	0	2	0	0	3	0	6000		127	6000
10	4	1	1	2	0	1	3	2	1	3	1	0	1	2	1	0	3	3	6000		299	6000
27	10	0	2	1	7	2	3	2	0	5	0	0	0	0	0	0	0	0	6000		89	6000
24	8	2	5	0	4	0	2	2	2	2	1	3	0	0	2	2	2	2	6000		330	6000
23	11	13	3	0	2	2	4	0	1	1	0	1	0	2	0	2	0	1	6000		96	6000
38	10	1	1	6	0	2	0	5	2	0	4	0	0	2	1	1	4	1	6000		153	6000
9	9	4	0	0	4	1	0	0	1	0	1	4	1	2	0	0	3	0	6000		82	6000
17	9	6	3	4	4	1	7	1	2	0	2	0	2	3	0	0	2	1	6000		63	6000
6	6	3	2	4	3	1	1	0	0	0	2	0	1	1	3	0	0	0	6000		299	6000
1	7	1	7	5	2	1	0	0	3	2	1	4	0	2	0	0	0	2	6000		156	6000
36	6	9	2	5	1	3	3	0	1	1	0	2	0	0	1	0	2	1	6000		135	6000
19	9	1	2	0	2	2	1	2	2	1	0	0	3	0	3	0	1	5	6000		119	6000
9	14	3	3	0	3	1	5	1	1	0	0	1	3	1	0	0	0	0	6000		65	6000
3	5	4	5	2	4	2	0	1	1	0	4	0	2	2	0	0	0	1	6000		82	6000
20	14	1	5	3	1	1	2	2	3	0	1	2	2	2	0	3	1	2	6000		93	6000
8	8	0	6	0	5	1	3	3	1	5	0	3	0	3	1	0	0	3	6000		86	6000
6	5	0	1	7	3	0	2	2	7	0	3	1	2	1	3	0	0	1	6000		233	6000
16	1	4	1	3	2	1	2	2	2	2	1	2	2	0	4	1	0	1	6000		164	6000
19	18	10	0	1	2	5	2	0	0	2	2	0	6	1	4	0	1	1	6000		90	6000
9	17	7	4	2	7	3	0	1	0	1	0	0	1	2	1	0	1	0	6000		164	6000
12	0	1	1	2	2	1	2	0	2	1	1	4	0	1	1	0	0	2	6000		154	6000
3	2	1	2	0	2	2	1	1	5	1	1	1	2	1	0	1	0	0	6000		28	6000
11	4	2	5	2	0	3	3	8	3	0	2	0	0	1	0	0	0	0	6000		1	6000
2	0	8	4	1	4	3	1	0	3	3	1	0	0	0	3	0	3	1	6000		38	6000
3	4	4	2	2	1	1	5	1	2	2	1	1	0	5	1	2	0	0	6000		81	6000
1	2	4	3	0	1	8	3	2	3	3	2	0	6	0	0	1	0	3	6000		26	6000
15	6	8	6	1	1	0	2	3	1	5	2	4	0	4	0	2	1	1	6000		305	6000
4	12	3	5	3	1	2	1	3	1	3	0	2	2	1	0	1	0	1	6000		78	6000
6	1	4	4	0	4	3	3	1	0	1	2	1	0	2	0	1	1	1	6000		50	6000
4	2	5	0	1	6	5	3	0	2	4	0	2	0	0	0	2	1	2	6000		171	6000
13	5	4	17	5	2	0	4	1	1	1	0	0	2	1	1	0	3	0	6000		66	6000
3	8	6	1	0	4	2	3	1	2	2	3	0	0	0	1	1	1	0	6000		101	6000
5	5	7	7	1	1	1	4	2	2	0	3	0	3	1	2	1	1	2	6000		119	6000
8	2	3	1	3	0	1	1	0	0	0	2	2	2	8	1	0	0	0	6000		29	6000
38	11	5	2	2	1	2	2	0	8	1	5	1	0	2	3	0	0	0	6000		35	6000
2	6	6	0	5	1	0	1	1	2	0	1	3	2	0	0	1	2	0	6000		41	6000
20	8	1	2	0	2	1	0	3	0	0	4	1	1	0	3	0	0	1	6000		112	6000
20	1	0	7	0	2	1	1	2	0	1	2	0	2	2	2	1	2	0	6000		74	6000
7	9	2	0	5	4	7	7	1	1	1	1	1	0	0	4	0	0	1	6000		165	6000
5	4	4	0	1	2	4	3	0	2	1	3	0	2	1	1	0	0	1	6000		194	6000
6	10	4	0	1	4	5	0	0	0	2	2	2	1	0	0	1	2	0	6000		29	6000
14	7	1	3	2	0	0	0	1	2	3	0	0	2	2	2	0	0	3	6000		108	6000
24	6	2	11	3	6	1	0	1	2	1	2	0	0	0	0	0	0	1	6000		47	6000
32	3	7	6	6	0	1	3	2	1	0	3	0	0	2	3	2	3	2	6000		49	6000
3	1	0	8	2	5	0	7	1	1	0	2	2	0	1	0	2	1	1	6000		268	6000
9	20	1	7	2	4	0	1	6	3	3	1	0	0	1	4	2	4	1	6000		117	6000
11	5	3	2	8	0	1	1	0	1	1	0	0	4	4	2	2	1	3	6000		144	6000
56	11	8	3	4	6	2	1	2	0	0	1	5	2	0	0	2	1	0	6000		43	6000
31	4	11	2	2	2	2	3	3	0	2	5	5	1	1	4	2	0	1	6000		39	6000
13	3	7	2	1	2	2	3	3	1	5	1	2	0	4	2	3	0	2	6000		119	6000
6	10	5	2	3	2	7	0	1	5	0	2	1	0	2	0	5	0	0	6000		103	6000
2	2	6	1	4	1	1	6	1	1	3	1	2	0	3	0	2	1	2	6000		68	6000
2	4	2	2	0	2	1	0	0	1	1	0	3	1	1	0	2	0	1	6000		79	6000
13	7	8	2	0	2	1	2	5	0	4	1	1	0	1	1	1	3	0	6000		156	6000
8	9	1	9	8	4	0	0	3	0	1	2	1	0	2	1	0	0	0	6000		30	6000
13	11	6	1	6	2	0	1	3	1	0	1	3	0	2	1	3	0	3	6000		60	6000
12	7	10	3	5	1	2	1	0	1	0	3	2	3	1	1	0	0	2	6000		299	6000
3	13	7	2	2	2	0	1	0	3	1	0	0	0	0	1	2	3	0	6000		85	6000
17	4	2	0	1	4	0	4	2	0	1	0	2	0	1	0	1	0	3	6000		65	6000
14	6	8	1	4	1	3	2	1	1	1	0	4	3	3	3	2	0	1	6000		29	6000
0	3	4	19	2	0	2	0	0	0	0	0	0	0	0	2	0	1	2	6000		51	6000
7	1	6	6	1	0	0	5	1	0	0	0	1	0	0	1	0	3	2	6000		121	6000
24	3	3	7	3	2	2	0	1	3	0	1	2	0	0	1	1	0	1	6000		247	6000
1	21	0	3	2	3	2	0	3	1	2	0	0	0	0	1	1	3	0	6000		137	6000
16	9	1	4	0	1	1	3	0	2	0	2	1	0	0	0	0	0	1	6000		91	6000
31	3	3	3	2	3	0	2	2	0	5	3	1	0	0	0	0	0	2	6000		24	6000
3	5	15	0	2	3	3	0	0	2	1	2	0	0	0	0	1	0	0	6000		103	6000
55	7	1	4	7	2	2	1	4	0	0	0	1	1	1	1	4	0	0	6000		28	6000
8	9	6	1	1	2	3	2	3	0	1	0	1	2	1	1	4	0	0	6000		30	6000
5	12	4	7	2	1	5	0	0	1	3	0	1	0	0	0	1	0	1	6000		81	6000
41	2	1	2	0	0	3	2	0	7	0	2	1	1	3	0	1	0	1	6000		136	6000
5	16	10	4	1	2	0	1	1	0	0	2	1	5	1	0	0	1	2	6000		89	6000
21	0	0	2	0	0	2	1	4	0	2	0	1	0	0	1	0	0	3	6000		100	6000
3	3	1	1	1	0	2	2	5	0	2	1	2	1	1	0	1	1	0	6000		337	6000
3	14	2	1	2	1	2	2	1	1	2	0	0	1	0	2	0	1	0	6000		47	6000
2	11	1	5	1	3	3	0	5	0	3	2	1	0	1	0	1	1	0	6000		66	6000
14	6	1	1	4	0	1	3	1	0	1	0	0	1	1	3	3	0	1	6000		31	6000
3	16	1	5	1	0	1	5	1	0	2	5	1	0	0	0	0	0	1	6000		112	6000
41	2	0	2	5	1	0	0	4	0	1	0	3	1	0	1	0	1	0	6000		145	6000
15	2	2	0	3	1	0	0	3	3	1	4	0	0	0	1	0	1	1	6000		89	6000
9	6	0	6	2	2	4	0	3	2	0	5	0	5	0	0	1	0	5	6000		45	6000
10	7	5	1	2	3	3	2	0	0	0	0	0	7	0	2	0	0	1	6000		46	6000
7	5	5	2	3	1	0	0	2	1	1	0	2	1	0	2	1	0	0	6000		71	6000
24	11	1	6	0	4	1	0	2	0	2	5	0	0	1	0	0	1	0	6000		106	6000
7	11	6	11	2	4	1	3	0	1	0	2	0	3	2	0	2	3	4	6000		17	6000
14	3	5	0	1	2	0	1	0	2	0	1	1	0	0	0	0	0	1	6000		9	6000
18	1	1	3	3	1	1	1	3	0	6	0	0	0	2	0	1	0	0	6000		48	6000
4	6	10	1	0	2	3	0	1	0	0	3	2	4	3	0	2	1	3	6000		15	6000
10	15	5	4	1	1	1	1	0	4	0	1	0	1	0	2	3	3	0	6000		4	6000
1	1	2	4	4	2	1	4	1	0	3	0	1	1	2	2	0	0	2	6000		82	6000
31	4	0	2	0	0	5	1	2	0	0	3	0	2	5	1	1	2	3	6000		69	6000
8	6	6	7	3	0	0	3	1	4	0	0	0	0	1	1	0	1	0	6000		34	6000
7	4	2	0	0	1	0	2	4	1	2	0	0	1	0	1	2	1	0	6000		38	6000
19	4	8	3	1	3	0	4	1	4	4	0	0	0	5	3	2	2	1	6000		92	6000
19	5	16	0	1	1	4	1	0	3	1	0	1	3	0	0	0	0	5	6000		91	6000
17	12	15	10	0	1	1	6	2	1	2	0	1	5	3	0	0	0	0	6000		82	6000
34	2	9	1	1	1	5	4	4	0	2	1	0	0	4	0	3	1	0	6000		127	6000
11	3	2	9	0	8	9	0	1	2	1	0	1	2	1	7	1	0	2	6000		28	6000
22	5	2	4	3	2	4	0	1	2	0	3	2	0	0	0	0	1	2	6000		61	6000
11	6	3	2	5	5	2	2	5	0	1	1	2	0	0	0	1	1	0	6000		155	6000
6	18	1	1	1	1	1	4	3	2	2	1	1	3	0	0	1	1	0	6000		33	6000
10	4	0	2	1	2	0	0	1	3	2	0	0	3	0	0	0	0	1	6000		49	6000
5	9	7	2	1	0	1	1	0	0	1	3	0	2	4	1	0	3	0	6000		222	6000
18	9	5	0	3	0	10	0	0	1	1	0	0	4	2	1	1	3	1	6000		60	6000
10	5	13	3	2	1	2	1	1	2	0	2	2	1	0	1	0	0	1	6000		51	6000
20	17	4	8	1	4	0	0	1	3	2	0	0	1	0	2	0	0	0	6000		61	6000
9	4	9	4	1	6	1	0	1	2	0	2	2	4	1	0	0	0	1	6000		112	6000
28	10	3	0	5	4	1	2	6	1	5	1	0	0	4	1	3	0	1	6000		56	6000
12	2	4	8	2	3	3	1	0	0	2	3	1	0	2	1	0	0	4	6000		190	6000
5	3	3	1	7	4	3	3	1	0	0	0	0	1	3	0	2	1	0	6000		124	6000
12	3	3	3	1	1	1	5	1	3	0	3	1	0	1	0	2	0	2	6000		8	6000
4	5	7	4	2	1	2	0	2	2	1	0	0	2	0	1	0	1	1	6000		62	6000
12	0	6	6	3	0	2	5	2	1	2	4	0	1	0	0	1	0	1	6000		31	6000
12	7	12	1	5	0	1	0	0	0	0	0	0	2	1	0	1	3	2	6000		43	6000
7	8	4	10	0	3	1	0	0	5	0	0	0	0	3	1	0	3	0	6000		80	6000
12	14	11	7	6	7	0	0	2	1	2	0	0	1	2	1	1	5	0	6000		216	6000
13	7	11	7	2	0	4	1	1	2	3	0	8	1	3	1	0	1	0	6000		124	6000
20	3	6	4	1	2	0	0	3	0	0	1	3	0	1	1	0	0	3	6000		27	6000
51	4	7	2	2	5	1	2	2	0	3	2	1	1	3	0	1	0	0	6000		196	6000
7	7	14	7	7	1	1	0	1	1	0	0	0	5	0	1	0	0	0	6000		123	6000
25	8	2	1	3	1	2	6	9	3	3	1	2	1	5	1	2	1	0	6000		108	6000
14	6	3	3	6	2	1	0	0	1	4	1	5	0	1	1	1	0	0	6000		45	6000
7	2	2	12	1	0	2	4	0	0	0	0	3	2	2	1	1	0	1	6000		28	6000
11	3	2	1	1	1	3	5	3	3	4	2	2	1	0	7	0	1	0	6000		33	6000
9	5	0	3	1	2	2	0	5	3	1	1	1	0	0	0	0	1	0	6000		34	6000
33	1	2	0	4	0	2	1	1	2	1	1	4	1	4	0	1	1	0	6000		192	6000
4	7	2	2	2	7	3	0	0	0	0	1	4	2	1	0	1	2	2	6000		49	6000
29	18	1	3	3	3	2	1	0	1	0	2	1	0	5	4	0	0	1	6000		52	6000
24	9	7	5	1	0	4	1	0	1	3	0	1	0	2	3	1	0	2	6000		275	6000
4	5	2	1	6	1	1	3	0	1	3	0	0	0	1	0	1	4	4	6000		79	6000
0	8	6	3	0	3	4	3	1	2	0	3	0	2	0	0	0	0	2	6000		12	6000
5	11	1	7	5	2	1	2	1	3	2	1	2	3	0	3	4	3	1	6000		86	6000
5	6	18	8	4	2	0	2	5	1	1	4	0	0	3	2	0	1	0	6000		42	6000
2	2	9	6	0	0	1	2	0	3	1	2	0	0	0	1	0	0	0	6000		84	6000
14	6	6	1	2	0	0	4	2	0	2	1	0	1	2	1	2	1	4	6000		127	6000
2	14	2	1	0	8	5	6	0	0	0	0	0	2	0	0	2	2	0	6000		156	6000
19	1	5	4	1	0	1	2	1	2	2	6	2	1	2	1	2	0	1	6000		179	6000
9	1	2	7	4	9	2	4	1	1	1	1	0	5	1	0	3	2	1	6000		15	6000
19	3	1	2	10	7	1	0	3	2	5	2	1	0	1	0	0	1	0	6000		27	6000
5	16	11	1	5	4	0	0	1	2	1	0	2	1	0	0	1	0	0	6000		53	6000
12	9	3	7	0	6	7	1	0	4	1	0	3	0	0	2	0	2	2	6000		94	6000
18	19	1	1	0	0	3	1	2	0	1	0	1	0	0	5	0	0	2	6000		28	6000
3	13	4	2	4	2	2	0	2	2	0	1	2	8	1	0	1	1	0	6000		52	6000
5	3	6	2	1	6	3	1	0	0	1	1	5	2	1	2	2	1	1	6000		28	6000
15	4	2	0	4	2	0	3	0	3	5	0	1	0	1	2	1	1	1	6000		124	6000
21	3	9	5	2	1	0	1	2	1	1	1	3	2	3	0	0	2	0	6000		28	6000
21	0	1	0	3	4	3	1	0	2	2	4	1	2	1	0	2	0	1	6000		62	6000
22	4	19	4	2	7	0	2	0	2	1	6	0	1	1	2	3	0	5	6000		80	6000
4	8	3	0	1	3	0	1	0	1	0	1	3	1	0	1	0	1	1	6000		93	6000
25	4	2	0	6	1	0	1	0	2	5	0	3	2	0	1	1	2	0	6000		173	6000
16	15	8	3	0	3	3	3	3	4	2	3	0	1	0	1	2	0	0	6000		40	6000
38	5	3	0	0	0	1	0	1	0	2	6	0	2	0	0	1	1	1	6000		29	6000
8	10	4	1	2	0	5	2	1	1	0	0	4	2	1	3	1	0	0	6000		39	6000
6	4	6	0	8	4	3	1	0	6	1	1	2	0	0	1	2	1	0	6000		55	6000
22	1	1	1	1	1	1	0	1	3	2	4	0	1	2	1	1	1	0	6000		22	6000
11	0	5	1	2	0	1	0	7	0	1	2	0	0	3	3	1	1	2	6000		187	6000
13	10	5	4	1	3	7	5	3	3	1	0	2	2	0	1	1	0	0	6000		10	6000
23	4	1	3	0	3	1	0	0	1	1	0	3	1	0	1	1	1	0	6000		46	6000
18	8	4	2	0	1	4	2	2	0	1	2	0	2	2	0	2	1	1	6000		310	6000
4	11	2	0	8	0	7	4	4	0	4	4	2	4	1	1	2	1	3	6000		141	6000
26	4	7	0	5	3	0	0	6	0	0	1	2	3	0	0	1	0	0	6000		143	6000
15	6	11	3	6	1	1	0	2	1	0	1	2	0	0	2	1	7	0	6000		53	6000
2	4	8	6	1	1	0	0	1	2	1	2	0	1	0	0	2	0	2	6000		83	6000
0	10	3	5	7	1	2	1	0	1	0	3	2	1	3	2	1	1	1	6000		67	6000
2	4	4	2	3	2	1	0	2	4	2	0	7	0	0	1	0	1	4	6000		87	6000
11	11	2	2	5	0	0	1	2	2	1	2	2	2	5	1	2	1	2	6000		39	6000
0	5	0	2	1	2	5	3	4	0	2	0	0	0	0	3	0	1	3	6000		199	6000
1	4	3	12	2	3	0	0	0	1	5	5	4	0	0	2	1	0	1	6000		87	6000
23	6	8	2	0	3	4	1	0	3	0	2	4	4	0	1	0	0	6	6000		112	6000
6	0	3	0	3	1	1	1	1	3	2	4	3	5	0	4	1	2	0	6000		48	6000
0	7	3	0	7	5	0	1	1	1	0	1	1	3	1	2	0	2	0	6000		67	6000
21	6	0	1	2	6	0	2	3	2	0	0	0	3	0	1	0	1	2	6000		54	6000
1	7	8	6	0	3	2	3	1	3	2	0	1	0	0	0	0	1	1	6000		56	6000
4	4	1	0	3	3	1	2	0	0	2	0	0	2	2	0	1	0	0	6000		116	6000
4	2	1	2	1	2	1	0	1	2	0	0	0	2	1	1	0	1	0	6000		45	6000
16	6	0	5	0	2	0	4	1	1	4	1	1	2	0	1	2	5	3	6000		18	6000
14	1	7	4	8	1	1	1	1	3	0	1	2	2	1	0	0	2	4	6000		101	6000
7	5	3	4	2	7	1	4	3	0	1	1	1	2	0	4	1	0	0	6000		136	6000
26	1	2	0	7	6	4	4	0	2	0	5	2	0	1	0	1	0	0	6000		132	6000
7	2	1	8	5	4	1	3	4	3	0	0	3	1	5	1	1	0	3	6000		149	6000
5	7	1	0	3	2	2	2	2	1	2	2	0	2	2	0	2	3	1	6000		40	6000
3	7	12	0	2	0	1	0	1	0	2	2	0	1	2	1	0	0	1	6000		131	6000
8	1	8	7	3	11	0	4	2	2	0	3	2	0	1	0	1	6	0	6000		16	6000
7	8	5	6	0	4	0	2	1	2	0	4	0	3	0	1	0	2	1	6000		40	6000
8	5	4	2	0	2	2	0	1	0	2	3	1	0	0	1	0	2	1	6000		36	6000
16	1	5	1	3	5	5	2	3	0	0	0	3	0	0	0	3	2	0	6000		107	6000
1	5	1	3	2	3	1	0	3	4	6	0	0	0	2	0	0	0	0	6000		37	6000
15	6	4	0	8	1	0	5	0	0	0	0	4	0	1	0	0	0	1	6000		61	6000
7	7	3	1	7	8	1	1	1	2	0	5	3	1	3	1	0	0	1	6000		52	6000
1	5	1	5	0	2	0	0	1	4	1	3	0	0	1	0	1	0	1	6000		18	6000
5	3	9	1	1	8	0	3	0	2	2	0	4	1	3	1	2	0	2	6000		145	6000
1	15	4	0	0	3	2	3	0	1	2	0	0	0	3	2	4	1	0	6000		189	6000
3	7	1	3	0	0	2	2	1	2	0	1	5	0	0	2	1	1	0	6000		25	6000
6	5	5	1	3	1	0	0	0	1	0	3	0	2	0	1	3	1	2	6000		278	6000
6	5	2	1	10	1	2	1	0	1	0	0	2	1	0	1	0	0	3	6000		23	6000
17	9	7	3	0	6	10	4	1	1	0	0	1	1	0	0	0	1	2	6000		296	6000
0	6	2	0	0	0	2	1	1	0	3	0	3	1	1	2	2	2	0	6000		98	6000
41	6	4	2	3	3	3	1	1	0	2	0	1	0	2	1	1	1	0	6000		99	6000
4	12	1	5	1	2	1	0	3	0	1	1	1	1	1	0	1	0	2	6000		6	6000
24	6	6	1	3	4	1	0	1	0	0	1	0	1	2	0	2	2	0	6000		65	6000
4	4	2	4	3	0	1	2	0	5	0	1	4	1	1	0	1	0	0	6000		10	6000
7	8	2	0	1	2	1	0	0	2	4	4	1	2	0	3	0	1	1	6000		137	6000
3	13	16	1	2	0	0	1	0	0	3	1	0	0	0	5	3	0	1	6000		201	6000
53	7	1	5	0	1	4	1	0	0	2	1	2	1	0	0	1	0	0	6000		20	6000
14	8	3	3	6	1	1	1	0	2	3	0	2	1	0	8	1	0	0	6000		85	6000
7	3	2	3	5	2	11	2	0	2	0	0	1	1	0	0	0	0	0	6000		29	6000
16	12	9	3	1	0	2	1	0	1	3	0	1	4	1	0	2	0	2	6000		43	6000
4	7	13	1	0	2	0	2	0	1	1	2	1	0	0	0	2	2	0	6000		126	6000
7	2	0	7	5	0	4	0	1	0	0	0	1	1	0	0	0	0	0	6000		126	6000
12	11	3	6	3	3	4	0	5	3	1	0	1	2	0	1	2	0	0	6000		58	6000
5	2	0	6	6	3	1	0	4	7	2	6	3	0	0	1	0	1	2	6000		271	6000
10	2	5	11	5	2	2	4	1	0	1	0	0	0	1	0	1	2	0	6000		87	6000
19	1	3	6	4	0	1	3	1	2	2	1	1	1	4	0	0	1	0	6000		148	6000
2	12	8	1	4	2	3	4	1	2	0	1	2	2	0	1	0	2	2	6000		9	6000
31	13	1	2	3	2	5	1	0	2	0	1	0	0	0	0	0	4	1	6000		38	6000
16	2	1	2	1	0	1	3	4	2	1	0	1	0	1	0	0	0	1	6000		57	6000
2	6	6	2	2	0	0	0	1	0	0	6	2	1	1	0	0	0	1	6000		173	6000
2	4	5	1	1	0	4	6	5	0	3	2	0	1	1	0	0	1	6	6000		94	6000
0	2	1	4	3	0	1	2	0	4	0	4	1	2	0	0	0	1	0	6000		84	6000
5	16	2	2	6	0	4	0	2	3	6	1	1	0	0	1	1	0	2	6000		105	6000
1	14	3	8	9	1	5	3	1	1	0	1	1	1	1	2	0	0	0	6000		11	6000
15	2	3	0	7	6	2	3	4	4	1	1	3	0	2	1	2	0	1	6000		57	6000
31	1	2	1	1	3	4	2	3	1	0	1	0	2	0	1	0	0	1	6000		127	6000
6	0	4	0	0	0	1	0	0	2	3	0	1	0	2	0	1	4	2	6000		83	6000
4	5	2	3	2	2	1	4	1	0	1	0	0	3	2	0	1	0	1	6000		136	6000
30	2	1	0	0	0	1	2	0	0	3	1	0	1	2	0	0	1	2	6000		23	6000
3	8	0	11	2	0	0	0	0	0	1	2	2	4	1	1	0	2	3	6000		26	6000
11	2	0	6	1	0	2	1	2	0	1	2	3	0	1	1	0	0	0	6000		16	6000
17	11	13	1	9	1	2	0	0	0	0	3	3	4	0	3	1	2	0	6000		69	6000
4	6	8	1	2	2	2	6	0	2	1	1	1	1	3	4	0	0	2	6000		159	6000
11	5	3	2	1	2	11	4	4	1	0	0	0	0	0	1	0	0	1	6000		65	6000
10	6	0	9	0	0	2	2	2	0	3	0	0	0	2	2	1	1	0	6000		153	6000
14	3	8	6	2	0	0	4	0	3	2	1	0	1	1	3	0	3	3	6000		212	6000
14	16	6	6	2	0	0	2	1	2	2	2	1	4	1	1	1	1	1	6000		282	6000
6	0	2	0	2	0	5	6	0	1	3	1	0	1	1	0	0	1	1	6000		131	6000
26	33	8	6	2	1	4	4	4	1	0	0	0	0	0	1	0	1	1	6000		254	6000
61	2	1	1	1	1	1	7	2	1	1	0	2	0	5	0	1	0	2	6000		102	6000
13	0	6	3	7	6	2	4	0	1	0	3	1	1	2	1	3	3	4	6000		175	6000
6	9	5	1	1	0	1	1	1	0	0	2	2	1	0	2	0	1	0	6000		37	6000
17	11	4	3	2	1	1	1	1	4	1	0	0	0	0	2	0	1	1	6000		52	6000
28	2	10	1	3	5	1	1	1	0	0	0	0	2	0	3	2	0	0	6000		97	6000
45	3	5	1	2	5	0	1	2	1	3	4	1	0	0	3	2	1	0	6000		35	6000
24	3	1	4	3	1	1	2	5	3	0	2	4	1	0	1	0	0	2	6000		86	6000
17	13	0	0	3	6	0	2	0	1	1	0	1	1	0	1	0	2	0	6000		157	6000
19	10	6	2	1	5	0	1	0	0	0	0	2	1	3	1	3	3	0	6000		64	6000
9	9	5	0	2	2	4	1	0	0	5	2	0	4	0	0	0	0	1	6000		79	6000
12	5	11	6	3	4	0	0	3	1	1	1	1	1	0	1	0	2	0	6000		31	6000
10	3	6	2	3	0	3	1	1	0	1	1	1	0	0	1	0	0	1	6000		215	6000
12	2	5	0	2	3	1	2	2	0	1	0	2	0	1	0	1	1	2	6000		4	6000
3	7	17	5	3	2	3	2	0	1	3	2	2	0	0	3	1	1	0	6000		81	6000
12	4	0	3	5	0	2	1	3	0	0	4	1	1	2	0	0	0	1	6000		217	6000
7	11	3	2	1	3	1	6	0	3	1	2	3	1	5	0	2	0	3	6000		58	6000
43	2	1	0	0	1	5	1	3	2	1	3	0	0	1	1	0	1	2	6000		305	6000
22	6	0	6	6	2	1	2	3	1	1	0	0	0	3	1	1	1	1	6000		100	6000
21	5	1	1	3	3	2	3	3	5	0	0	5	0	3	0	1	5	1	6000		101	6000
8	5	0	3	1	2	0	4	2	1	0	0	0	3	0	2	2	0	0	6000		71	6000
13	5	6	5	5	1	1	2	4	1	0	1	3	1	2	0	3	1	0	6000		104	6000
20	2	3	1	10	1	0	1	3	3	0	0	0	1	1	3	1	0	2	6000		132	6000
13	9	3	5	1	0	2	0	0	2	0	4	2	0	2	4	0	0	1	6000		100	6000
8	3	5	10	2	1	0	2	3	4	10	4	0	0	0	0	0	1	0	6000		123	6000
16	19	15	3	1	5	1	0	1	0	2	0	5	1	0	1	0	1	1	6000		142	6000
1	4	3	1	0	5	2	3	4	0	2	0	2	1	0	0	1	0	2	6000		134	6000
10	1	0	3	2	2	1	1	5	0	3	4	1	7	1	0	2	1	1	6000		11	6000
5	10	1	6	0	1	2	0	2	1	3	3	0	2	1	0	3	1	1	6000		48	6000
5	8	3	3	2	0	1	2	0	2	0	1	1	0	0	0	0	1	0	6000		17	6000
10	8	5	1	2	1	3	3	0	1	0	1	0	0	0	0	0	0	2	6000		103	6000
5	2	0	3	12	0	2	1	1	4	1	2	0	3	0	3	0	1	0	6000		8	6000
4	5	10	3	3	1	0	0	2	2	0	1	0	1	0	1	1	0	0	6000		198	6000
8	11	0	12	5	7	1	0	1	0	1	0	4	0	0	0	0	4	0	6000		226	6000
8	9	5	7	1	1	1	1	2	1	0	1	0	0	0	0	0	2	0	6000		138	6000
11	5	9	4	2	4	1	0	1	4	1	1	4	1	2	1	2	0	0	6000		51	6000
4	18	4	8	3	2	0	0	4	4	1	1	0	2	0	0	3	0	2	6000		41	6000
23	3	2	0	2	3	0	4	3	0	0	2	1	0	1	3	2	0	5	6000		91	6000
19	4	5	2	1	1	0	0	2	0	0	1	1	1	0	0	1	0	0	6000		104	6000
4	1	1	0	1	2	4	3	0	3	2	2	0	3	1	2	0	0	1	6000		131	6000
7	16	2	0	4	2	2	4	0	0	2	0	1	0	4	0	2	1	0	6000		71	6000
3	12	9	0	1	5	1	3	2	1	5	3	2	0	0	2	0	2	2	6000		134	6000
3	5	6	4	3	2	1	1	2	3	4	0	0	1	1	1	0	0	1	6000		149	6000
27	4	3	2	2	3	5	0	3	3	1	2	4	2	3	0	0	0	0	6000		108	6000
1	3	1	1	3	2	0	0	3	0	1	1	3	2	1	1	1	0	0	6000		66	6000
5	14	4	1	0	0	0	0	0	1	4	1	0	0	0	2	1	2	0	6000		64	6000
39	3	4	1	2	1	0	0	1	2	0	1	1	1	2	1	1	0	2	6000		118	6000
24	11	4	19	1	3	1	0	1	0	0	1	1	1	0	0	2	1	0	6000		193	6000
16	3	7	2	6	2	0	8	3	0	0	2	1	0	1	0	4	0	0	6000		137	6000
8	1	2	1	1	1	2	1	2	0	0	3	2	1	0	0	2	0	0	6000		52	6000
21	3	2	8	0	6	0	2	4	2	3	0	2	3	1	0	2	2	1	6000		110	6000
10	8	3	6	9	1	2	1	0	4	3	0	0	6	1	0	2	2	0	6000		170	6000
8	2	5	5	4	1	0	1	0	1	3	1	1	0	2	1	0	1	0	6000		208	6000
17	11	3	0	1	3	0	2	3	2	2	0	1	2	4	1	0	0	1	6000		33	6000
1	8	1	7	3	3	0	0	1	3	0	3	1	0	4	1	0	0	0	6000		61	6000
6	2	5	1	1	1	0	4	0	1	2	0	2	2	0	0	0	0	0	6000		160	6000
8	11	2	8	5	4	1	3	9	4	1	0	2	0	0	2	3	0	0	6000		68	6000
10	2	12	1	2	1	4	1	2	3	2	2	2	2	2	2	0	1	0	6000		88	6000
8	7	3	2	10	0	6	0	1	0	0	1	0	0	0	1	1	1	3	6000		178	6000
4	7	5	7	1	2	0	1	1	2	1	1	6	1	1	1	0	2	1	6000		22	6000
1	4	1	0	5	4	0	3	0	2	3	0	1	1	0	2	1	1	1	6000		281	6000
5	4	2	5	0	2	4	0	1	0	0	0	0	2	3	0	1	0	0	6000		27	6000
42	9	6	9	2	0	3	1	2	1	1	0	0	2	2	1	0	3	0	6000		233	6000
7	2	9	2	0	0	0	2	4	12	0	1	4	2	1	0	1	0	0	6000		101	6000
11	3	0	0	3	2	3	1	0	3	2	3	0	1	0	1	1	0	1	6000		73	6000
12	7	9	9	2	10	4	2	0	1	1	0	1	1	2	0	1	3	0	6000		38	6000
18	2	1	5	1	2	0	0	1	2	0	6	1	0	4	0	1	1	0	6000		114	6000
9	1	8	2	2	0	1	1	2	6	0	6	2	1	2	0	1	3	1	6000		188	6000
13	9	2	7	0	2	1	2	4	2	0	1	0	2	1	1	0	1	1	6000		13	6000
12	3	2	9	2	1	1	2	2	0	1	2	0	0	0	0	0	1	1	6000		115	6000
13	7	0	6	6	4	3	1	2	1	0	3	1	3	0	1	0	0	0	6000		36	6000
36	4	5	1	0	3	0	1	1	2	0	1	4	0	1	1	1	0	1	6000		139	6000
10	3	9	4	0	0	3	1	0	4	3	1	3	1	1	3	1	3	0	6000		100	6000
23	6	4	16	4	2	1	0	5	3	2	3	2	3	1	0	0	0	0	6000		90	6000
26	14	4	1	6	2	0	12	0	1	4	2	2	2	4	0	0	0	0	6000		85	6000
6	3	1	5	3	0	1	1	0	0	0	0	1	1	2	0	0	2	1	6000		13	6000
7	14	0	1	4	3	1	2	0	3	1	0	2	1	1	2	0	1	0	6000		162	6000
6	9	11	4	3	0	0	0	1	0	1	1	0	0	3	3	1	2	1	6000		69	6000
5	21	0	7	2	0	3	3	3	0	3	1	0	1	0	0	2	0	0	6000		137	6000
3	10	5	5	2	1	3	3	4	1	1	1	0	0	0	1	3	0	0	6000		119	6000
14	21	6	3	4	6	2	0	1	3	1	0	0	1	0	2	4	0	0	6000		79	6000
16	6	1	7	1	3	5	0	1	1	0	5	0	2	2	0	1	0	3	6000		105	6000
5	10	4	6	1	3	4	2	0	0	0	1	8	2	1	0	3	0	2	6000		91	6000
12	1	5	4	1	3	9	4	1	2	3	1	1	1	2	0	2	2	2	6000		70	6000
2	11	7	4	3	1	2	0	0	1	1	0	1	1	0	0	0	1	0	6000		15	6000
8	1	1	6	1	3	1	0	0	2	2	0	0	0	2	4	3	3	1	6000		118	6000
8	4	1	4	4	1	0	0	2	1	1	0	0	1	0	3	0	0	1	6000		25	6000
15	8	7	4	2	0	0	4	0	1	1	2	1	1	0	4	2	2	1	6000		80	6000
16	3	5	11	6	4	1	5	1	6	2	0	1	4	1	0	4	0	1	6000		38	6000
5	0	5	0	4	1	2	0	0	0	0	5	0	3	0	1	2	2	2	6000		66	6000
10	8	5	0	3	3	3	0	4	1	6	5	1	2	2	0	0	2	0	6000		54	6000
0	16	4	5	5	1	6	2	6	0	1	0	0	1	0	0	0	1	1	6000		27	6000
21	4	7	0	3	2	3	1	4	1	4	1	1	2	1	0	3	1	0	6000		159	6000
16	0	19	2	2	2	4	0	6	0	6	3	1	0	1	0	1	2	0	6000		113	6000
7	1	6	3	2	4	4	0	1	1	3	5	0	1	1	0	0	2	4	6000		56	6000
7	6	7	2	2	7	4	5	0	1	4	0	1	2	2	0	1	1	0	6000		88	6000
1	2	6	2	1	1	0	0	3	1	0	1	0	1	1	0	0	0	0	6000		45	6000
33	5	10	3	1	3	3	0	3	0	3	2	3	1	0	4	0	1	0	6000		50	6000
23	1	7	1	1	1	1	2	0	2	2	1	1	1	0	2	0	2	2	6000		44	6000
50	0	1	11	1	0	0	1	1	0	1	0	2	9	0	1	0	1	2	6000		94	6000
28	5	3	1	6	1	5	4	4	1	3	2	7	1	1	0	0	0	2	6000		121	6000
16	5	4	8	1	0	6	0	1	1	1	1	0	2	2	0	1	2	1	6000		113	6000
16	3	2	1	0	0	4	3	3	1	1	5	1	1	0	3	3	1	0	6000		209	6000
17	7	1	2	2	5	1	1	5	3	5	1	0	0	0	0	1	0	0	6000		16	6000
31	16	4	1	1	3	0	0	2	2	10	1	1	1	1	0	3	2	4	6000		38	6000
11	6	8	5	2	5	2	6	0	2	2	3	4	0	0	0	1	0	0	6000		8	6000
3	3	2	4	1	1	1	2	1	3	6	1	1	1	2	1	1	0	0	6000		39	6000
6	10	4	1	10	9	4	2	2	1	0	0	2	1	0	0	1	1	0	6000		67	6000
5	3	3	0	5	3	1	1	2	4	2	6	3	1	4	1	0	3	2	6000		118	6000
2	5	1	3	5	0	2	0	1	2	0	2	0	2	2	3	0	2	0	6000		205	6000
10	5	5	5	4	2	4	1	3	0	6	4	2	0	1	0	1	0	0	6000		76	6000
11	13	1	1	17	0	2	1	0	4	1	0	0	2	0	1	1	0	1	6000		34	6000
5	4	3	8	2	4	0	7	2	1	2	0	0	0	1	0	0	0	4	6000		104	6000
15	3	1	7	1	0	1	3	1	2	1	0	6	3	0	2	1	1	0	6000		67	6000
10	12	4	5	2	1	0	2	0	1	1	1	1	1	2	1	0	0	1	6000		121	6000
4	7	5	6	0	4	3	0	3	2	1	1	1	0	2	0	0	4	1	6000		15	6000
16	2	5	4	1	0	2	0	0	2	1	0	1	0	0	2	2	0	0	6000		46	6000
18	10	7	0	1	1	3	0	4	1	4	0	0	2	0	5	0	0	1	6000		14	6000
24	2	8	6	5	5	0	2	3	4	1	5	2	0	0	0	0	0	2	6000		75	6000
4	3	3	7	2	1	4	5	0	0	1	0	0	0	0	2	0	0	2	6000		55	6000
19	8	3	1	1	3	0	0	1	2	0	2	1	2	1	1	0	1	2	6000		142	6000
9	3	2	1	2	0	0	3	0	1	2	2	0	0	1	1	0	3	0	6000		82	6000
7	5	5	3	4	0	4	1	4	1	3	1	3	1	0	0	0	0	1	6000		163	6000
1	4	0	1	2	3	3	6	0	1	1	2	3	1	0	1	0	1	3	6000		113	6000
49	10	6	3	1	2	0	0	1	4	2	3	5	1	1	0	1	2	0	6000		236	6000
25	6	0	2	4	5	0	6	8	0	2	0	0	2	1	0	0	2	1	6000		45	6000
31	5	4	0	5	0	1	5	4	1	0	0	1	0	1	1	0	1	0	6000		50	6000
3	9	6	6	7	0	3	2	3	0	2	1	1	0	1	1	1	1	0	6000		94	6000
44	12	3	2	2	1	1	5	5	2	1	3	0	0	0	6	6	0	1	6000		111	6000
12	5	11	2	4	8	0	6	0	1	1	0	1	2	1	3	1	2	1	6000		135	6000
6	7	6	3	0	5	0	1	1	0	3	1	6	2	5	0	2	0	0	6000		80	6000
21	2	0	5	0	1	1	0	1	0	0	1	0	0	2	0	0	1	4	6000		52	6000
5	5	6	4	2	2	3	0	1	2	0	6	3	3	0	4	4	1	0	6000		160	6000
12	6	5	2	1	3	1	3	0	2	1	1	1	2	1	0	0	0	1	6000		151	6000
4	10	10	7	1	4	1	0	3	3	2	0	0	0	0	3	0	1	1	6000		67	6000
3	6	2	3	2	2	1	1	2	2	2	3	3	4	2	1	1	1	1	6000		92	6000
1	2	2	6	1	0	2	0	0	6	4	0	0	1	0	0	0	1	1	6000		92	6000
47	9	3	0	6	0	1	0	3	3	1	0	3	0	3	1	0	0	0	6000		273	6000
32	8	6	4	2	5	1	0	2	1	1	0	0	1	0	3	1	2	0	6000		141	6000
25	0	4	6	3	0	1	1	0	1	0	0	1	2	0	2	2	0	0	6000		86	6000
14	1	9	9	0	0	4	4	6	3	0	4	2	0	0	1	0	1	1	6000		292	6000
23	9	11	0	1	4	4	5	2	0	1	5	0	0	1	0	1	0	2	6000		85	6000
4	2	5	1	5	3	3	1	2	3	1	0	0	0	0	1	1	0	1	6000		158	6000
0	3	6	1	0	1	1	9	1	2	0	0	1	0	3	3	0	2	5	6000		51	6000
10	9	2	2	2	3	2	2	1	1	1	0	3	1	1	2	1	4	2	6000		30	6000
15	7	3	5	3	1	0	0	3	2	0	0	4	0	1	1	1	3	0	6000		66	6000
15	11	10	0	1	3	0	0	0	5	1	1	1	2	0	3	0	0	1	6000		28	6000
7	5	6	2	3	12	1	5	0	2	1	4	1	2	3	1	0	1	0	6000		53	6000
5	13	5	3	2	2	0	0	2	0	0	2	2	3	0	1	0	1	0	6000		79	6000
5	6	3	5	2	4	0	0	1	2	1	0	2	3	0	1	4	6	1	6000		99	6000
6	12	9	1	2	0	1	6	0	2	2	1	3	6	0	0	0	1	2	6000		47	6000
8	7	0	2	1	7	4	4	1	3	0	1	1	0	2	2	0	0	1	6000		153	6000
7	5	4	1	0	0	2	0	1	2	2	3	1	0	0	2	1	0	0	6000		123	6000
3	2	6	8	0	3	5	1	1	4	3	1	1	0	2	1	0	0	0	6000		181	6000
11	3	11	3	7	0	3	1	5	0	0	2	0	0	0	3	1	0	0	6000		64	6000
7	2	3	4	0	1	1	6	1	2	0	1	1	1	3	0	0	0	0	6000		188	6000
5	16	2	2	2	0	2	2	2	1	0	0	2	0	0	0	0	3	0	6000		25	6000
29	3	3	1	2	2	2	4	0	0	1	1	0	0	4	0	1	0	2	6000		84	6000
18	6	2	0	0	3	2	2	0	3	1	4	0	1	2	1	1	0	0	6000		13	6000
22	37	0	3	6	3	0	2	4	1	3	1	0	1	0	2	0	1	1	6000		316	6000
3	0	3	0	1	3	5	1	1	0	4	0	1	1	0	2	2	2	2	6000		54	6000
9	1	9	8	10	3	2	0	0	1	1	1	1	0	3	6	1	1	0	6000		219	6000
15	3	9	6	1	0	0	5	2	3	0	0	2	1	2	5	4	2	4	6000		112	6000
10	3	4	8	3	2	5	0	2	2	0	2	1	0	0	2	0	0	0	6000		214	6000
2	2	5	2	1	2	7	1	1	1	1	2	0	2	0	1	1	1	0	6000		58	6000
3	8	2	3	0	1	1	1	0	1	2	2	0	1	1	0	0	1	1	6000		117	6000
14	5	0	1	4	2	4	0	0	1	2	0	0	0	2	1	0	0	2	6000		16	6000
22	6	4	1	1	0	4	1	0	1	1	0	4	1	0	4	2	0	2	6000		86	6000
3	9	4	2	4	1	1	1	2	1	7	3	0	2	1	0	0	1	0	6000		142	6000
3	7	1	4	1	1	2	1	2	1	2	2	1	1	1	0	0	0	1	6000		66	6000
6	0	5	3	4	0	1	0	1	0	1	8	0	2	2	0	1	1	0	6000		9	6000
12	8	1	0	3	2	0	5	1	2	2	0	0	0	2	1	2	0	0	6000		118	6000
11	5	2	4	3	3	2	3	0	2	2	1	0	1	1	0	3	1	0	6000		53	6000
33	0	2	2	0	4	1	1	2	2	1	1	0	1	1	0	1	4	0	6000		85	6000
2	8	4	2	2	0	1	3	3	8	0	2	1	1	1	0	0	1	2	6000		103	6000
0	16	1	2	7	3	2	1	0	0	0	4	0	0	4	2	0	1	2	6000		46	6000
21	3	2	1	1	5	2	2	1	1	0	0	0	1	3	1	0	0	4	6000		57	6000
1	10	14	8	3	4	0	3	1	1	0	0	0	0	1	0	1	1	0	6000		263	6000
23	7	9	4	1	0	3	4	0	0	0	0	1	0	1	0	1	0	2	6000		64	6000
47	5	8	1	0	1	0	1	0	1	1	2	0	0	0	1	1	3	0	6000		30	6000
2	0	10	0	0	0	4	1	0	0	0	0	0	0	1	1	1	0	2	6000		68	6000
12	5	5	2	0	7	2	0	2	0	1	0	1	2	1	1	1	2	2	6000		53	6000
14	8	2	4	3	2	3	0	4	2	3	1	3	3	3	0	2	3	1	6000		56	6000
6	7	2	0	0	1	0	2	1	0	3	2	0	0	0	2	0	2	3	6000		185	6000
2	3	4	1	3	10	5	0	4	2	2	0	3	2	3	0	0	0	1	6000		133	6000
21	3	3	4	2	0	2	1	0	2	2	1	4	2	0	2	2	2	2	6000		112	6000
21	3	2	4	2	1	2	1	2	2	0	3	1	1	0	1	1	1	3	6000		66	6000
21	7	0	6	1	3	2	1	6	2	3	3	2	2	0	1	0	2	0	6000		66	6000
14	2	9	4	6	3	0	1	0	0	3	4	0	2	2	1	3	0	0	6000		10	6000
62	6	2	4	3	0	3	0	0	3	4	0	3	2	0	0	0	0	0	6000		44	6000
7	5	4	2	3	2	2	3	3	0	2	0	1	0	0	2	0	2	0	6000		207	6000
9	4	8	6	2	0	0	2	0	0	0	0	1	2	0	1	4	0	1	6000		3	6000
9	3	0	1	7	2	0	2	0	1	6	2	0	4	0	0	1	0	0	6000		33	6000
13	10	9	3	2	0	5	0	2	1	2	3	0	0	2	1	1	2	0	6000		121	6000
7	1	7	6	0	2	3	0	2	5	1	1	0	1	3	0	0	2	2	6000		73	6000
3	5	4	6	8	1	0	0	1	5	2	1	2	2	0	0	1	0	0	6000		14	6000
9	5	2	2	1	7	1	1	3	5	1	2	0	0	1	0	0	0	1	6000		56	6000
2	15	2	5	3	4	1	1	1	2	0	1	0	2	0	0	0	1	0	6000		56	6000
15	7	3	3	3	3	0	4	5	4	0	0	2	1	2	1	0	0	0	6000		145	6000
11	9	3	7	2	1	2	1	1	3	1	0	1	3	0	1	0	0	2	6000		30	6000
2	12	3	1	0	2	3	5	4	0	0	0	1	0	1	2	1	0	0	6000		68	6000
10	6	0	3	0	1	6	1	0	3	2	2	1	2	1	4	1	0	5	6000		284	6000
18	13	2	1	3	1	0	5	1	4	2	0	2	1	0	2	1	0	0	6000		72	6000
4	5	4	7	2	0	2	1	2	4	0	1	0	0	1	1	2	1	0	6000		112	6000
3	6	4	0	0	2	0	0	0	4	1	7	0	1	0	0	0	3	2	6000		82	6000
32	8	4	2	1	7	2	3	3	0	0	0	1	0	4	2	1	1	0	6000		27	6000
7	3	1	1	2	7	0	0	2	0	2	2	1	3	3	1	0	1	0	6000		41	6000
19	11	7	5	2	7	1	2	0	0	2	0	1	1	1	4	0	0	1	6000		84	6000
14	7	2	3	1	1	0	0	1	3	3	4	0	1	0	3	0	2	1	6000		20	6000
17	1	6	1	2	1	0	0	2	0	1	0	0	1	0	0	1	1	0	6000		143	6000
8	2	5	3	1	2	3	0	1	0	4	0	1	0	2	1	1	1	0	6000		56	6000
21	5	6	3	2	2	7	2	0	0	2	2	1	0	0	0	1	1	1	6000		142	6000
4	11	11	7	0	2	3	5	1	0	1	1	4	1	0	1	1	0	4	6000		24	6000
26	4	11	5	4	0	2	1	2	0	0	0	2	3	2	2	1	2	1	6000		47	6000
34	3	9	3	1	0	3	2	0	0	0	3	0	2	0	4	1	1	3	6000		49	6000
6	3	2	8	5	3	0	0	0	6	1	1	0	2	0	4	3	0	0	6000		84	6000
26	0	0	12	2	3	2	3	0	1	3	0	4	0	0	1	0	4	0	6000		301	6000
6	7	4	1	6	4	6	5	0	0	0	3	7	0	0	2	0	0	3	6000		84	6000
10	11	0	4	6	3	6	0	3	1	0	0	1	2	0	0	1	0	0	6000		14	6000
1	6	1	3	0	3	1	2	1	2	0	0	0	3	1	3	2	0	1	6000		81	6000
5	8	8	3	4	6	2	0	0	1	2	2	2	4	0	1	0	2	0	6000		168	6000
15	16	3	2	1	1	1	2	7	2	0	0	1	4	1	1	4	0	0	6000		83	6000
15	4	6	5	4	5	4	1	2	2	1	0	0	1	2	1	0	0	0	6000		104	6000
4	4	12	1	1	5	0	7	1	2	1	1	0	3	2	3	1	0	1	6000		47	6000
5	7	18	13	0	4	2	4	4	1	1	3	0	3	1	0	4	0	5	6000		202	6000
43	2	5	1	1	2	4	7	3	3	1	5	0	0	0	1	1	0	4	6000		121	6000
13	4	5	4	3	0	3	1	6	2	1	1	2	0	0	1	1	1	0	6000		247	6000
10	2	2	0	4	2	3	2	1	1	2	0	0	1	2	0	2	1	0	6000		117	6000
17	4	4	1	2	0	6	1	1	2	6	6	0	2	3	1	0	0	2	6000		237	6000
