# Model: C
#     eps_an        eps_cont      lambda        theta_bar     a        
#    0.00e+00      0.00e+00       0.00500       0.00100       2.00000  
#      S_d            b             p_b           S_b      
#   -400.00000       0.40000       0.02000       4.00000  
#     r  2          r  3          r  4          r  5          r  6          r  7          r  8          r  9          r 10          r 11          r 12          r 13          r 14          r 15          r 16          r 17          r 18          r 19          r 20     
#     1.00000       1.00000       1.00000       1.00000       1.00000       1.00000       1.00000       1.00000       1.00000       1.00000       1.00000       1.00000       1.00000       1.00000       1.00000       1.00000       1.00000       1.00000       1.00000  

50 50 20

31	12	5	4	4	8	0	0	3	0	0	4	6	5	0	0	0	1	4	20000		49	20000
6	27	2	1	6	0	3	0	5	4	2	0	1	0	0	0	1	1	0	20000		220	20000
13	8	14	15	3	2	2	0	17	14	0	1	2	3	3	0	0	2	0	20000		80	20000
22	5	7	7	3	0	2	4	1	0	1	3	0	1	0	2	1	2	0	20000		76	20000
6	8	10	4	8	3	6	1	2	0	0	0	3	4	2	2	0	0	1	20000		119	20000
24	6	2	13	1	8	6	2	1	2	0	1	1	4	0	1	3	0	0	20000		105	20000
9	6	2	7	5	2	1	6	0	1	2	0	0	1	1	1	0	2	0	20000		203	20000
7	5	10	4	3	4	5	4	4	0	1	0	0	1	0	0	1	0	3	20000		73	20000
61	11	1	1	14	6	1	1	2	1	0	5	0	0	2	1	0	1	3	20000		37	20000
3	16	4	14	6	2	7	0	2	0	1	3	7	1	1	0	1	2	1	20000		159	20000
60	3	6	6	3	5	5	2	0	0	2	0	2	5	0	1	1	2	2	20000		123	20000
16	8	9	11	6	2	5	0	4	1	0	0	1	1	1	1	1	0	0	20000		58	20000
12	5	19	1	4	0	0	0	6	5	6	1	0	1	3	0	2	2	2	20000		125	20000
5	11	6	3	2	0	0	1	2	2	6	4	1	2	6	6	0	0	1	20000		43	20000
26	6	7	0	3	2	1	2	2	1	1	4	4	0	0	4	1	0	2	20000		21	20000
35	3	5	4	7	1	5	7	1	0	1	0	0	0	1	1	5	1	1	20000		70	20000
27	1	4	5	2	5	4	2	2	2	0	0	0	3	0	0	2	1	2	20000		221	20000
11	7	0	7	0	2	0	2	0	0	1	4	0	1	0	0	0	0	1	20000		186	20000
6	19	3	7	5	3	1	3	0	0	0	1	2	0	1	0	0	1	1	20000		66	20000
7	17	9	4	0	1	5	2	7	1	0	0	0	2	2	1	1	0	2	20000		160	20000
3	7	1	1	6	2	1	0	2	7	0	1	4	3	0	0	0	2	1	20000		95	20000
9	10	3	3	4	2	1	2	4	6	5	3	1	1	1	0	1	0	2	20000		39	20000
18	13	3	5	16	0	0	3	0	0	0	1	0	1	3	2	0	0	0	20000		38	20000
3	3	4	4	4	2	1	8	5	0	1	2	1	3	0	1	1	1	0	20000		20	20000
14	10	1	1	5	2	2	0	10	4	3	3	0	0	0	4	1	0	0	20000		95	20000
11	22	7	7	10	4	1	0	1	1	0	2	1	2	0	3	1	3	2	20000		68	20000
19	4	3	1	4	7	1	2	0	4	0	1	1	1	0	0	2	2	3	20000		98	20000
13	37	7	6	3	0	0	1	4	4	3	1	0	0	0	3	0	0	0	20000		83	20000
9	20	3	2	3	7	1	3	1	3	4	1	3	0	1	0	4	1	1	20000		56	20000
1	14	13	6	7	0	8	0	0	1	0	0	3	3	0	0	2	2	2	20000		88	20000
2	11	6	4	8	0	8	2	2	2	1	0	2	1	0	0	1	1	1	20000		98	20000
6	11	8	5	6	0	3	2	4	3	1	1	2	1	1	3	2	1	0	20000		42	20000
19	13	4	0	4	4	7	3	1	1	7	0	1	1	0	4	2	2	4	20000		234	20000
9	19	6	17	3	3	2	8	3	1	2	2	10	0	2	5	2	0	1	20000		175	20000
17	9	5	0	1	1	2	1	6	1	2	1	6	0	1	1	1	1	2	20000		25	20000
33	16	7	4	5	3	13	1	1	0	1	2	1	0	3	0	2	1	2	20000		49	20000
25	5	11	8	1	0	1	1	0	2	2	0	3	1	0	0	1	2	0	20000		99	20000
22	10	6	2	21	5	6	0	0	0	0	1	0	2	0	0	1	0	1	20000		183	20000
23	26	7	11	0	0	0	1	3	1	7	0	1	1	0	0	0	1	0	20000		44	20000
33	5	2	5	1	1	3	9	4	1	1	0	0	1	2	2	0	0	0	20000		147	20000
13	7	0	6	1	0	1	2	0	4	3	3	2	1	1	2	0	3	2	20000		173	20000
13	18	5	10	5	0	4	0	1	1	0	0	4	0	1	3	5	0	1	20000		95	20000
15	2	21	0	8	6	3	0	6	2	0	2	3	0	0	0	2	0	1	20000		67	20000
14	9	10	1	15	4	3	1	0	6	1	2	0	2	0	0	2	3	0	20000		23	20000
30	22	9	9	1	1	5	1	0	2	2	0	0	1	2	1	2	2	1	20000		104	20000
10	4	2	7	0	1	2	0	0	1	0	0	9	1	1	0	0	0	0	20000		23	20000
33	5	3	1	6	7	2	0	1	4	3	2	3	0	1	0	1	4	0	20000		56	20000
36	7	9	7	7	7	2	1	2	0	2	0	3	0	2	0	1	1	0	20000		118	20000
6	8	3	2	0	2	2	0	2	1	2	3	2	1	0	1	1	1	0	20000		73	20000
14	5	2	8	1	0	0	0	3	0	4	0	3	1	1	0	4	2	1	20000		38	20000

35	8	5	5	2	1	2	0	0	0	0	0	1	0	0	1	2	1	1	60000		28	60000
41	6	4	6	1	1	1	0	2	3	1	0	1	1	2	0	0	0	0	60000		60	60000
22	2	10	1	0	0	2	1	0	1	1	0	0	1	0	0	0	0	0	60000		34	60000
43	11	11	2	1	2	1	1	3	1	1	1	1	0	0	0	3	0	0	60000		35	60000
26	6	8	8	1	2	0	1	0	1	0	0	0	0	1	0	0	2	1	60000		4	60000
42	1	3	4	1	3	1	1	0	0	0	2	2	1	2	0	0	1	1	60000		48	60000
8	3	2	0	3	1	3	2	0	0	0	0	0	0	0	0	0	0	0	60000		54	60000
18	5	5	3	3	3	3	1	2	1	0	2	0	2	0	0	1	0	1	60000		29	60000
54	7	1	6	1	1	0	0	3	0	1	1	1	0	0	0	0	0	1	60000		7	60000
33	2	11	3	1	2	0	1	0	2	2	0	3	0	1	0	0	0	1	60000		62	60000
19	7	6	3	2	0	4	1	0	1	2	0	1	1	0	0	2	0	1	60000		13	60000
3	4	3	0	0	2	1	2	0	0	0	0	0	0	0	1	0	0	1	60000		40	60000
5	5	0	0	3	2	0	0	0	0	0	0	1	0	0	0	0	0	1	60000		58	60000
42	5	2	1	2	1	1	1	0	2	0	0	0	0	0	0	0	0	0	60000		70	60000
18	2	2	0	2	6	0	3	2	0	4	2	1	1	0	0	0	1	2	60000		137	60000
12	7	5	5	0	1	0	1	1	0	0	1	6	1	1	1	0	1	0	60000		17	60000
11	6	5	8	1	0	1	1	0	1	0	1	0	1	2	0	2	0	0	60000		4	60000
28	6	1	1	3	1	1	1	0	0	1	1	0	0	1	0	0	1	0	60000		61	60000
19	2	8	1	1	1	2	2	2	0	0	0	0	0	1	1	0	0	0	60000		41	60000
31	7	10	1	1	0	0	1	1	1	2	2	0	1	0	0	0	0	0	60000		41	60000
13	15	4	1	2	4	0	0	4	2	1	0	1	0	2	0	0	1	0	60000		10	60000
28	14	5	4	0	3	1	1	1	0	0	2	0	0	0	0	0	0	0	60000		82	60000
26	14	6	6	1	1	0	1	0	1	1	2	0	0	1	0	1	0	2	60000		47	60000
7	8	3	1	0	0	4	0	1	1	0	2	0	2	1	0	0	0	0	60000		33	60000
6	10	6	2	2	1	4	0	0	1	0	4	0	0	0	0	0	0	0	60000		139	60000
4	9	4	2	5	0	2	0	0	0	0	0	1	0	3	0	1	2	0	60000		100	60000
48	11	1	4	2	4	0	2	1	0	0	1	1	0	0	1	0	0	0	60000		116	60000
15	1	10	9	6	2	0	2	1	1	1	0	0	0	0	0	1	0	0	60000		101	60000
10	5	10	1	1	3	2	4	1	1	0	0	0	0	1	0	0	0	0	60000		67	60000
27	1	0	3	1	0	3	0	0	0	0	0	0	0	2	1	0	1	1	60000		65	60000
11	3	0	6	0	0	3	0	0	0	0	0	0	0	2	0	0	1	0	60000		7	60000
1	13	6	1	0	3	2	0	3	0	0	0	0	0	2	0	0	0	2	60000		48	60000
56	2	4	13	1	1	0	0	0	2	0	0	0	2	0	0	1	0	0	60000		11	60000
1	3	5	0	2	0	1	6	1	0	0	0	3	2	0	0	0	0	1	60000		13	60000
8	8	9	4	2	1	0	0	0	0	0	1	1	0	1	0	0	0	1	60000		39	60000
25	1	4	0	1	0	0	0	4	0	0	1	1	0	1	2	0	0	2	60000		51	60000
9	0	2	2	4	3	0	1	0	0	0	0	0	0	1	1	0	2	0	60000		14	60000
10	7	9	0	3	1	0	4	0	0	3	2	0	0	2	0	0	1	0	60000		24	60000
12	4	2	1	6	2	2	0	0	1	0	0	1	3	1	1	0	0	0	60000		40	60000
7	13	5	1	3	1	0	0	1	0	0	0	0	0	1	0	1	3	0	60000		14	60000
6	6	5	2	2	1	0	1	1	0	0	1	0	0	2	1	2	1	1	60000		37	60000
3	14	0	0	1	1	1	3	0	4	0	0	1	0	0	0	1	2	0	60000		39	60000
33	15	0	3	0	3	0	0	1	2	0	1	1	0	0	2	1	0	0	60000		45	60000
4	16	1	2	3	2	1	0	0	0	0	2	0	1	0	1	1	1	0	60000		55	60000
12	6	5	3	2	0	1	0	0	0	0	0	0	0	1	1	1	0	1	60000		86	60000
3	16	1	2	0	0	2	0	0	0	1	0	0	1	2	2	0	1	2	60000		61	60000
7	2	5	7	3	0	0	1	2	2	1	0	0	2	0	0	2	0	0	60000		36	60000
11	3	7	2	3	4	3	0	1	1	0	2	1	0	0	1	2	0	0	60000		4	60000
54	1	2	2	1	0	1	0	0	0	2	0	0	2	0	0	0	0	0	60000		61	60000
5	1	4	3	2	4	0	0	3	1	0	0	0	0	0	1	0	1	0	60000		32	60000
