# Model: A
#     eps_an        eps_cont      lambda        theta_bar     a        
#    0.00e+00      0.00e+00       0.05000       0.01000       2.00000  
#      S_bar          b             S_max    
#    -40.00000       0.50000      10.00000  
#     r  2          r  3          r  4          r  5          r  6          r  7          r  8          r  9          r 10          r 11          r 12          r 13          r 14          r 15          r 16          r 17          r 18          r 19          r 20     
#     1.00000       1.00000       1.00000       1.00000       1.00000       1.00000       1.00000       1.00000       1.00000       1.00000       1.00000       1.00000       1.00000       1.00000       1.00000       1.00000       1.00000       1.00000       1.00000  

500 500 20

21	19	18	0	15	0	2	1	2	0	3	1	0	0	0	2	2	0	2	2000		59	2000
16	6	5	10	0	0	8	1	1	1	4	2	1	1	1	0	1	0	0	2000		65	2000
15	3	8	3	3	1	2	0	10	2	1	2	0	0	0	2	0	0	0	2000		246	2000
12	8	4	3	1	3	3	1	0	2	1	1	0	0	7	3	0	1	0	2000		41	2000
29	9	4	10	6	4	3	2	2	2	0	2	0	1	3	0	0	1	2	2000		67	2000
10	7	7	2	4	3	2	0	2	3	4	1	1	3	2	0	2	5	0	2000		78	2000
6	16	4	2	7	4	0	1	5	1	0	3	2	3	0	2	2	0	3	2000		23	2000
21	5	4	7	0	6	5	2	0	1	1	2	2	0	1	0	3	0	1	2000		35	2000
28	9	5	1	3	6	1	0	1	2	2	2	1	2	0	0	2	0	1	2000		97	2000
15	6	4	4	0	5	1	0	4	0	2	1	2	2	1	0	1	1	2	2000		35	2000
18	9	5	1	0	4	7	2	3	2	0	1	2	0	1	0	3	3	1	2000		132	2000
80	8	4	6	2	1	0	1	0	1	3	0	0	2	0	0	2	2	1	2000		238	2000
8	3	4	2	1	1	3	2	3	1	2	3	0	0	1	1	1	1	6	2000		45	2000
12	5	9	0	7	5	3	0	2	3	0	3	3	1	1	0	0	4	0	2000		171	2000
42	4	4	7	5	7	2	5	0	2	2	4	0	0	0	2	1	0	0	2000		74	2000
24	19	2	0	5	7	7	0	3	1	0	3	3	0	0	0	2	2	1	2000		154	2000
1	16	2	7	4	12	0	2	3	2	2	1	2	1	4	0	0	0	0	2000		8	2000
26	6	9	0	0	2	2	0	0	3	2	2	0	1	0	1	0	0	0	2000		81	2000
21	16	13	6	2	1	3	4	2	2	4	1	1	0	1	1	1	2	0	2000		213	2000
26	8	13	0	1	1	3	0	1	3	0	1	0	0	0	0	1	0	0	2000		112	2000
10	0	8	2	2	8	2	4	2	3	9	5	2	1	4	2	3	0	2	2000		222	2000
8	5	17	6	7	1	1	3	2	1	2	0	0	2	2	7	2	0	2	2000		26	2000
9	5	6	3	1	0	0	2	1	2	2	1	1	0	1	2	3	1	1	2000		73	2000
6	2	4	1	0	4	0	3	2	0	1	4	1	1	1	1	0	1	1	2000		85	2000
12	2	1	8	2	1	2	0	0	0	1	1	0	6	0	0	2	0	1	2000		113	2000
17	12	10	3	11	3	4	4	4	4	0	0	0	1	2	1	1	0	0	2000		37	2000
36	11	2	4	2	1	1	5	1	0	0	4	1	1	3	4	0	0	2	2000		32	2000
1	15	8	0	0	4	3	1	0	2	3	1	0	0	0	1	0	1	1	2000		154	2000
17	11	4	3	0	1	1	2	2	0	0	0	1	1	3	0	2	1	0	2000		70	2000
11	3	18	11	2	2	1	10	5	1	0	0	1	0	1	2	2	1	0	2000		47	2000
14	6	6	2	0	3	4	5	4	5	0	0	0	0	1	0	1	0	0	2000		31	2000
10	19	6	3	1	0	0	4	4	2	0	1	2	4	0	0	4	2	2	2000		89	2000
42	3	0	2	9	6	2	2	1	0	2	4	2	0	0	4	2	0	2	2000		474	2000
34	12	13	6	0	7	1	3	5	0	1	1	2	8	2	3	3	1	0	2000		201	2000
6	15	9	8	1	6	3	0	1	3	2	4	1	2	1	0	0	0	0	2000		59	2000
9	21	1	7	9	0	1	9	5	1	0	1	1	3	5	4	1	1	2	2000		218	2000
13	0	14	1	5	3	4	1	4	2	0	5	0	2	3	0	0	0	1	2000		141	2000
50	13	4	5	0	0	2	1	0	5	1	2	0	0	1	1	2	2	2	2000		204	2000
15	2	6	5	4	0	1	1	2	0	1	0	4	1	4	1	0	2	0	2000		173	2000
17	4	14	4	6	2	5	6	0	3	0	2	0	1	3	1	2	0	1	2000		136	2000
5	3	12	0	2	2	1	0	4	5	1	4	3	0	0	4	0	0	1	2000		81	2000
10	2	6	3	3	0	8	0	2	3	1	1	1	1	2	1	0	0	0	2000		14	2000
6	14	2	6	2	2	6	0	4	0	0	2	3	3	1	0	0	0	2	2000		140	2000
2	3	2	2	9	3	5	2	0	3	1	3	0	0	0	0	3	1	3	2000		117	2000
41	1	3	3	0	1	2	5	0	6	3	0	0	4	1	2	5	1	0	2000		158	2000
25	1	4	4	1	9	1	0	0	1	1	0	2	1	2	0	3	0	2	2000		38	2000
24	10	2	6	4	2	0	0	0	4	6	0	1	3	0	0	3	2	0	2000		85	2000
14	3	1	3	16	0	0	4	1	2	1	0	3	1	2	3	3	0	0	2000		217	2000
40	6	11	3	3	1	5	3	1	11	6	0	3	1	4	6	0	2	0	2000		67	2000
11	24	13	5	0	2	3	0	1	0	7	4	0	3	1	1	5	0	0	2000		167	2000
32	5	4	3	0	3	2	6	0	1	2	2	0	0	3	1	1	2	1	2000		254	2000
6	16	7	0	3	2	0	3	1	0	4	2	3	4	1	3	4	4	3	2000		87	2000
26	8	7	6	5	2	3	1	1	0	0	1	0	2	0	2	1	6	4	2000		167	2000
64	38	1	6	1	5	6	3	0	0	3	0	2	1	0	0	0	0	1	2000		56	2000
17	28	8	11	2	3	0	0	1	1	0	0	1	2	2	0	3	0	0	2000		61	2000
30	16	6	3	2	11	4	2	2	1	0	1	1	0	3	0	2	0	4	2000		107	2000
3	8	5	0	12	5	2	0	5	2	1	4	3	1	1	1	1	4	0	2000		63	2000
8	2	9	6	7	5	0	2	1	3	1	0	3	0	1	0	1	3	2	2000		83	2000
35	13	6	1	4	0	0	2	2	1	1	0	0	1	1	1	0	1	0	2000		144	2000
1	11	5	10	2	1	7	0	4	3	1	2	3	0	3	1	0	0	2	2000		59	2000
16	16	6	2	10	4	5	0	0	5	2	0	2	1	1	0	0	0	0	2000		193	2000
13	0	4	7	5	4	2	2	1	3	1	1	0	2	1	1	2	4	3	2000		21	2000
20	17	0	3	4	2	2	0	2	2	0	1	5	1	0	0	0	1	0	2000		158	2000
18	12	3	5	3	17	1	0	5	0	0	0	2	0	0	3	0	0	1	2000		60	2000
7	14	5	0	9	7	2	7	3	0	1	0	0	2	4	0	2	1	1	2000		60	2000
7	22	4	17	8	3	1	2	4	1	2	0	1	0	2	0	1	0	0	2000		128	2000
7	2	7	9	4	0	2	1	0	1	1	6	0	3	2	1	1	1	1	2000		129	2000
25	4	9	8	1	0	0	2	0	0	1	4	3	1	1	2	1	1	3	2000		83	2000
11	5	7	9	2	6	6	5	3	13	6	4	0	0	2	0	1	0	1	2000		58	2000
2	19	8	6	3	6	2	3	1	1	2	3	2	1	0	3	1	1	3	2000		76	2000
2	11	6	15	10	0	3	1	3	1	0	0	2	2	1	4	1	0	0	2000		34	2000
4	34	9	2	3	2	3	4	1	4	5	2	2	0	0	0	0	0	1	2000		65	2000
26	35	0	5	1	2	3	0	2	4	1	0	2	0	0	2	4	0	1	2000		62	2000
9	25	11	2	1	2	9	0	0	5	2	2	0	3	0	0	1	1	1	2000		126	2000
33	24	20	9	3	1	2	0	3	6	6	3	3	0	3	0	2	0	3	2000		90	2000
17	7	11	5	13	17	3	5	0	0	2	0	0	2	1	0	0	0	6	2000		75	2000
46	5	2	2	13	1	0	3	2	1	1	1	1	1	1	8	0	2	1	2000		58	2000
33	6	3	8	4	3	3	2	0	6	2	0	0	5	3	0	0	1	0	2000		68	2000
18	11	3	8	2	1	3	0	3	5	4	0	1	5	2	0	1	0	0	2000		157	2000
29	17	1	4	2	3	2	3	2	3	3	0	1	0	1	0	0	2	2	2000		82	2000
3	5	6	7	9	1	5	0	3	2	3	0	2	4	0	1	3	0	0	2000		134	2000
17	12	5	2	4	0	1	0	0	11	1	2	0	2	1	1	0	2	1	2000		21	2000
27	18	3	3	10	4	6	7	4	3	0	0	0	1	2	0	1	0	0	2000		6	2000
26	15	2	0	0	0	7	1	2	0	6	1	0	1	0	2	3	1	1	2000		115	2000
1	0	6	11	1	8	1	1	3	1	2	2	0	0	2	1	2	3	0	2000		76	2000
6	3	5	10	4	1	3	2	9	1	1	0	1	1	2	1	0	2	1	2000		83	2000
3	15	11	3	3	0	0	1	2	1	1	0	1	3	2	3	0	0	1	2000		77	2000
21	3	5	1	6	1	3	7	1	0	1	1	1	0	3	0	0	0	0	2000		166	2000
15	4	3	4	6	0	3	6	3	2	1	1	0	1	4	2	4	5	0	2000		65	2000
8	19	10	4	1	3	2	0	5	2	0	3	0	1	2	0	0	1	1	2000		363	2000
3	18	4	3	1	1	1	3	1	0	0	4	3	4	0	2	0	0	4	2000		69	2000
7	0	2	3	8	3	2	2	5	0	3	1	1	6	0	0	1	0	1	2000		66	2000
28	5	4	5	1	6	1	2	0	2	2	3	2	2	0	3	0	0	1	2000		83	2000
1	3	9	7	4	4	1	0	7	0	1	0	2	3	1	2	5	1	0	2000		58	2000
12	1	17	4	4	4	1	3	1	1	1	0	1	2	2	0	0	2	3	2000		148	2000
76	4	1	2	5	1	3	9	1	1	1	0	1	2	2	1	2	0	0	2000		129	2000
5	4	15	5	7	11	0	1	1	3	2	0	1	0	3	0	0	2	0	2000		15	2000
5	39	6	7	1	7	0	2	1	2	1	0	1	0	0	2	2	2	2	2000		124	2000
15	27	5	1	6	6	1	4	5	2	2	0	0	1	5	3	1	1	0	2000		129	2000
22	2	6	2	4	4	1	0	0	2	5	1	1	1	1	0	3	4	2	2000		192	2000
7	7	12	5	3	1	0	1	5	1	0	2	4	0	3	1	0	2	1	2000		79	2000
7	20	7	4	8	0	4	0	2	1	1	1	0	2	2	2	1	2	0	2000		242	2000
6	8	12	1	6	1	1	2	0	0	0	3	0	4	0	0	0	0	0	2000		50	2000
12	9	2	3	2	0	2	2	0	4	1	1	1	0	2	1	3	2	0	2000		149	2000
22	11	17	15	1	1	1	0	1	2	0	2	2	3	0	1	1	0	1	2000		18	2000
41	29	5	0	0	7	2	3	3	0	7	5	2	1	2	3	1	1	0	2000		65	2000
14	12	9	2	8	5	1	1	5	0	1	1	4	0	0	1	0	2	2	2000		90	2000
10	10	3	3	6	5	0	2	1	0	0	1	0	1	2	2	0	0	3	2000		121	2000
49	4	11	0	7	2	6	1	1	4	2	2	1	4	1	0	1	1	0	2000		74	2000
12	4	14	4	7	3	1	0	2	1	1	1	0	0	3	2	0	1	0	2000		45	2000
25	2	8	22	2	5	2	2	1	1	0	2	3	1	4	2	1	2	1	2000		79	2000
9	5	8	7	3	1	1	4	2	4	1	4	4	0	1	0	2	0	0	2000		94	2000
5	2	1	4	0	2	1	1	1	1	4	3	0	1	0	1	3	2	3	2000		45	2000
33	4	6	24	0	4	0	3	4	6	2	3	1	1	0	3	0	0	0	2000		151	2000
15	9	16	10	0	15	10	2	0	5	3	2	2	1	3	3	0	1	2	2000		38	2000
13	10	6	5	0	2	3	2	1	2	1	1	0	0	0	0	0	0	0	2000		69	2000
3	15	1	3	12	0	8	7	3	0	1	2	2	4	0	0	0	0	1	2000		84	2000
17	2	5	6	6	4	2	3	2	1	4	1	0	1	0	2	1	1	1	2000		36	2000
12	4	11	7	5	4	2	0	7	2	5	2	2	4	0	2	0	0	1	2000		65	2000
43	16	2	4	11	4	4	2	2	0	0	2	1	3	1	0	1	0	3	2000		105	2000
16	11	1	2	1	1	9	2	3	1	1	0	1	3	0	2	2	0	0	2000		30	2000
3	8	8	4	2	3	1	5	1	1	0	1	2	3	3	0	1	0	1	2000		144	2000
12	7	3	1	3	8	2	1	3	2	0	0	1	1	0	2	3	0	0	2000		62	2000
16	14	12	5	7	4	0	1	0	2	4	0	1	0	1	0	1	0	2	2000		39	2000
24	8	3	2	1	1	1	7	1	0	0	0	0	0	1	1	4	3	1	2000		137	2000
5	15	10	6	6	2	3	5	5	3	2	3	0	0	2	0	0	1	2	2000		87	2000
21	5	11	13	1	3	1	1	2	3	1	0	0	1	7	0	0	1	0	2000		15	2000
3	19	3	11	3	5	7	4	5	4	3	2	4	2	3	1	1	0	1	2000		61	2000
2	26	4	5	6	0	0	1	2	1	1	0	1	3	0	1	1	0	0	2000		51	2000
6	2	6	0	8	4	0	4	3	3	0	5	0	1	1	1	4	3	0	2000		201	2000
42	7	4	14	12	1	3	6	1	0	0	0	2	2	0	2	0	2	1	2000		32	2000
14	2	7	3	4	1	6	4	0	1	0	0	2	4	1	2	0	0	1	2000		30	2000
60	6	4	1	8	1	0	0	0	3	2	0	2	0	0	1	0	0	0	2000		326	2000
7	7	3	4	9	5	0	4	1	2	0	2	0	2	0	4	0	1	1	2000		67	2000
6	16	9	2	5	0	0	0	0	6	3	0	2	0	0	3	0	1	1	2000		108	2000
30	7	2	4	2	4	0	2	0	4	1	2	0	1	0	0	3	2	0	2000		259	2000
31	2	3	8	4	2	0	8	1	0	0	4	1	2	2	2	3	1	0	2000		335	2000
21	11	7	3	2	2	1	5	1	11	0	3	2	5	0	0	2	2	0	2000		38	2000
27	6	3	0	5	1	1	3	1	0	4	2	3	3	0	3	2	0	3	2000		43	2000
53	7	9	5	2	2	1	2	2	5	4	2	7	0	0	1	0	1	1	2000		50	2000
30	7	3	5	4	5	2	0	0	0	1	1	3	0	5	1	0	2	3	2000		77	2000
20	2	3	10	2	5	1	1	2	0	1	2	2	1	0	1	1	4	2	2000		66	2000
41	10	7	9	4	0	3	5	1	5	0	2	0	0	2	0	0	3	2	2000		49	2000
14	2	11	10	9	2	2	1	1	4	0	1	0	1	1	2	3	0	1	2000		34	2000
58	2	5	3	5	2	3	3	0	0	0	3	6	1	0	2	0	2	2	2000		59	2000
29	10	27	8	0	2	1	5	2	4	2	1	1	1	0	2	1	3	2	2000		86	2000
12	5	2	2	11	0	0	3	0	0	2	0	1	1	0	2	1	1	1	2000		117	2000
30	11	12	4	0	3	0	3	2	5	0	0	2	1	2	0	2	0	0	2000		177	2000
23	16	2	1	2	2	1	3	4	0	6	1	0	1	2	1	0	0	1	2000		99	2000
3	4	7	5	5	13	4	4	1	1	0	3	0	2	1	1	0	1	2	2000		31	2000
23	9	10	6	1	0	0	4	1	2	2	0	1	3	0	1	1	1	1	2000		168	2000
3	11	21	2	1	7	0	14	3	1	2	3	0	1	2	0	4	4	1	2000		106	2000
12	10	15	3	3	4	1	0	7	1	2	2	1	1	3	1	0	0	0	2000		122	2000
47	13	7	11	8	2	8	1	1	4	1	2	4	0	4	1	5	1	0	2000		36	2000
28	19	6	2	5	2	0	0	4	3	8	1	0	2	2	2	0	4	1	2000		59	2000
6	8	9	2	8	7	10	5	4	2	3	2	1	3	0	0	1	0	1	2000		40	2000
22	9	7	8	3	4	6	4	7	0	1	0	6	0	2	1	2	0	4	2000		60	2000
0	8	9	1	1	4	4	1	8	5	0	1	0	0	1	0	4	1	1	2000		134	2000
9	4	0	2	15	3	3	0	1	2	2	3	1	1	1	1	0	2	1	2000		100	2000
2	20	1	5	5	2	0	5	0	4	2	0	5	0	0	4	0	0	0	2000		23	2000
30	1	4	10	12	4	1	4	2	1	3	2	5	2	5	4	3	1	1	2000		91	2000
29	20	4	1	1	3	1	9	3	1	1	1	1	2	3	0	2	0	2	2000		59	2000
16	0	9	11	17	4	3	3	0	2	4	2	4	0	4	0	0	0	1	2000		97	2000
3	1	9	5	17	4	4	0	3	2	0	1	1	1	2	0	0	1	0	2000		77	2000
18	4	4	11	4	2	10	0	3	1	3	3	0	1	0	3	1	1	2	2000		91	2000
36	4	4	2	1	1	2	1	1	3	1	0	1	2	0	1	0	1	1	2000		51	2000
52	5	1	2	11	0	12	6	0	0	1	0	4	4	1	4	1	0	1	2000		112	2000
7	1	7	4	4	2	0	1	6	0	1	0	0	3	1	0	0	0	0	2000		36	2000
60	11	16	1	2	3	8	0	0	2	6	2	0	0	1	2	0	2	0	2000		233	2000
11	6	3	4	4	2	3	1	0	2	2	5	0	1	3	1	1	0	3	2000		47	2000
74	9	7	7	8	3	7	0	7	4	1	0	2	0	1	5	5	1	0	2000		120	2000
18	4	12	15	6	4	5	7	1	3	1	3	0	2	2	0	0	1	3	2000		61	2000
17	8	8	2	7	4	1	2	0	7	0	1	0	3	0	2	2	0	0	2000		63	2000
4	9	9	7	2	2	5	3	0	2	1	6	4	0	1	3	0	3	1	2000		108	2000
74	2	2	0	0	5	1	4	7	0	4	6	0	0	0	0	0	1	2	2000		162	2000
7	2	3	8	4	5	2	1	3	1	2	1	0	4	3	0	2	2	0	2000		48	2000
8	9	4	13	1	7	3	4	0	7	1	3	1	0	0	4	1	2	3	2000		215	2000
7	9	3	1	2	2	2	2	2	1	5	3	0	0	0	1	2	0	0	2000		53	2000
28	21	4	4	3	3	4	0	1	3	1	1	2	1	1	1	1	1	6	2000		77	2000
3	2	0	2	2	4	0	5	4	2	9	1	1	4	1	1	0	0	2	2000		188	2000
5	12	19	1	4	0	0	7	0	0	4	2	0	0	1	0	1	0	1	2000		69	2000
25	22	2	0	3	1	6	0	4	3	1	1	1	4	4	1	1	2	0	2000		51	2000
13	4	5	6	4	7	0	6	3	0	2	1	0	0	2	0	3	1	2	2000		151	2000
33	3	4	9	0	1	1	2	6	7	1	3	2	1	0	1	1	0	2	2000		47	2000
20	2	4	0	0	6	6	5	5	2	6	0	3	1	1	3	2	1	1	2000		111	2000
10	18	3	2	1	6	8	0	3	0	1	2	0	5	1	0	6	0	0	2000		192	2000
22	12	8	0	2	5	7	3	4	2	1	2	1	0	3	2	5	2	3	2000		209	2000
32	12	0	4	0	8	7	0	1	1	1	2	1	2	0	5	0	0	3	2000		5	2000
20	12	6	3	11	1	0	3	2	0	2	0	0	1	3	0	2	1	1	2000		214	2000
14	19	6	10	5	2	4	0	2	10	1	0	3	0	1	1	2	2	0	2000		31	2000
7	4	7	12	1	1	7	1	0	0	2	2	1	3	0	3	0	0	0	2000		48	2000
15	15	1	6	11	1	0	3	2	4	1	3	3	2	0	0	2	1	0	2000		18	2000
6	9	4	0	1	2	6	0	6	5	2	3	4	3	2	2	3	0	1	2000		169	2000
10	28	6	4	1	1	3	2	1	1	2	0	0	1	2	0	2	4	2	2000		93	2000
1	10	4	2	4	3	1	2	0	4	4	0	2	0	5	1	2	0	0	2000		163	2000
13	18	3	0	3	0	5	2	0	2	1	3	3	0	0	1	2	1	0	2000		142	2000
5	5	13	0	6	4	0	4	0	0	4	0	3	1	2	1	2	1	1	2000		36	2000
32	4	23	4	4	0	10	4	2	0	0	1	0	1	1	1	0	1	6	2000		63	2000
5	16	3	3	5	1	12	1	3	0	1	1	2	2	0	4	3	2	0	2000		101	2000
30	38	2	5	7	17	5	3	2	0	3	0	2	0	1	3	1	1	1	2000		11	2000
32	7	4	3	4	8	7	1	1	2	0	2	2	3	2	0	4	1	0	2000		92	2000
46	22	2	2	1	4	9	1	2	0	1	1	1	3	0	0	0	1	1	2000		118	2000
30	0	10	5	4	3	2	0	3	1	1	2	4	1	2	1	2	2	0	2000		223	2000
11	5	7	5	2	2	2	6	3	1	1	1	0	3	4	1	3	2	1	2000		181	2000
17	8	8	18	2	3	3	3	5	0	0	0	1	0	0	1	1	1	2	2000		271	2000
23	4	4	8	7	5	0	4	3	1	0	2	0	0	1	0	1	0	0	2000		276	2000
9	12	10	3	10	2	1	4	3	0	1	0	1	2	0	0	3	1	0	2000		105	2000
55	1	11	1	16	1	5	2	2	2	0	1	1	0	2	2	0	2	2	2000		170	2000
54	5	6	17	1	2	9	0	1	2	0	0	1	5	1	0	0	2	0	2000		7	2000
21	2	3	4	2	4	1	6	8	2	0	2	1	1	1	0	0	0	0	2000		159	2000
5	3	17	1	9	5	0	0	3	3	3	1	1	0	0	2	1	0	0	2000		25	2000
12	4	8	2	4	2	2	2	0	1	4	4	2	0	0	1	0	2	2	2000		200	2000
27	8	8	6	3	4	0	3	0	4	1	4	0	3	3	1	0	1	0	2000		61	2000
15	4	9	9	3	2	3	8	0	4	2	2	0	0	0	2	0	0	5	2000		36	2000
19	1	4	9	2	0	2	1	3	1	6	4	1	1	0	2	1	0	0	2000		171	2000
37	4	19	11	5	4	1	0	1	0	1	1	1	4	2	0	3	2	0	2000		82	2000
49	9	11	2	8	7	1	4	2	0	1	3	2	1	0	4	3	0	1	2000		76	2000
16	13	0	2	5	2	2	3	0	1	2	0	1	1	3	2	0	2	1	2000		135	2000
3	9	17	3	1	5	1	9	0	5	0	2	3	2	1	0	0	1	2	2000		5	2000
14	21	7	19	4	8	1	0	4	2	3	0	0	0	2	1	0	2	2	2000		4	2000
36	22	7	7	9	0	1	6	3	0	2	0	0	0	0	0	2	2	2	2000		172	2000
7	14	1	5	4	0	1	3	1	1	0	6	3	2	0	1	1	4	0	2000		212	2000
3	23	3	2	11	4	3	2	0	1	3	0	0	5	0	1	0	0	0	2000		142	2000
4	15	7	6	11	3	5	2	2	1	2	3	0	1	2	3	1	5	0	2000		140	2000
5	25	7	10	17	1	4	2	0	2	2	0	0	10	6	0	2	1	1	2000		32	2000
10	1	5	0	5	1	1	2	4	8	1	1	2	0	1	2	4	2	2	2000		102	2000
24	2	2	6	4	1	2	2	1	3	5	0	1	0	1	0	1	0	0	2000		276	2000
33	19	7	3	3	0	9	1	0	1	0	0	3	2	0	0	3	0	0	2000		103	2000
32	15	1	1	3	3	4	1	0	6	1	2	0	3	3	0	0	0	2	2000		52	2000
15	8	4	8	3	0	2	0	3	10	0	1	2	0	2	0	4	3	0	2000		136	2000
13	4	2	1	10	2	0	4	3	2	1	0	5	2	3	1	1	2	0	2000		289	2000
21	13	4	9	8	3	1	2	3	1	2	0	0	0	0	0	0	1	2	2000		29	2000
44	16	2	8	0	12	1	2	1	1	2	4	0	0	0	0	1	0	0	2000		95	2000
4	8	2	7	6	3	8	9	0	3	2	2	2	2	2	0	2	2	2	2000		57	2000
10	12	15	3	2	3	5	0	4	3	2	5	0	4	1	1	0	0	0	2000		131	2000
54	3	12	4	2	2	4	7	3	0	0	0	3	1	0	1	2	0	0	2000		93	2000
9	5	3	1	1	3	1	4	1	1	0	1	0	0	3	2	1	3	2	2000		37	2000
4	2	5	7	4	2	1	6	3	3	5	3	0	1	1	0	1	0	0	2000		173	2000
22	4	3	5	1	1	0	1	1	0	4	0	3	1	2	0	3	2	1	2000		143	2000
5	6	5	1	12	5	3	2	1	3	0	2	0	3	3	3	0	1	0	2000		109	2000
2	41	0	0	5	7	0	4	1	2	0	1	1	0	1	1	0	1	5	2000		188	2000
26	9	4	5	11	6	2	6	1	0	4	1	2	1	2	1	2	1	0	2000		106	2000
23	6	4	2	0	3	1	1	1	4	1	1	0	5	1	1	3	1	2	2000		49	2000
1	18	12	3	5	1	1	5	0	3	3	1	1	4	0	0	0	0	0	2000		84	2000
51	14	2	1	12	2	0	4	3	0	5	0	5	1	2	4	0	2	3	2000		113	2000
0	6	16	0	4	6	5	2	1	2	5	0	1	3	1	2	0	0	1	2000		180	2000
12	19	7	3	2	4	2	0	0	0	1	0	0	2	3	1	0	2	5	2000		148	2000
9	3	12	1	12	4	3	1	1	2	7	1	3	2	0	0	1	0	1	2000		95	2000
13	12	10	8	0	12	0	4	5	2	0	0	1	0	3	2	0	3	1	2000		294	2000
28	5	1	7	5	1	2	3	2	1	2	6	0	2	1	0	3	0	0	2000		69	2000
26	14	4	8	0	3	8	5	0	1	0	0	3	4	1	0	1	2	0	2000		119	2000
27	7	5	7	7	0	1	2	1	2	2	0	1	2	0	2	0	1	0	2000		140	2000
4	15	10	0	12	1	2	1	4	0	2	0	1	1	0	1	2	2	0	2000		183	2000
4	11	3	3	3	1	6	1	2	6	1	0	1	1	0	1	2	1	2	2000		204	2000
6	2	2	12	1	2	1	0	2	7	2	0	0	0	1	0	0	0	0	2000		69	2000
7	3	9	4	5	3	1	0	4	2	4	1	3	3	0	1	0	0	1	2000		37	2000
41	6	0	5	10	8	0	1	4	0	4	3	3	3	6	0	4	0	1	2000		44	2000
12	4	11	2	5	2	4	4	3	1	1	0	0	0	5	0	1	0	1	2000		33	2000
41	6	10	1	1	1	1	2	3	5	0	1	0	1	4	5	1	0	1	2000		83	2000
12	8	0	11	0	1	2	4	2	6	2	0	1	0	1	0	1	0	0	2000		58	2000
20	4	6	0	12	5	3	1	4	6	2	2	2	8	2	1	1	1	0	2000		108	2000
26	3	8	1	5	0	0	4	1	2	0	0	1	2	1	0	0	0	1	2000		118	2000
17	5	0	3	1	5	0	2	0	1	0	0	4	0	0	0	1	1	1	2000		25	2000
27	3	6	0	2	3	0	5	0	0	1	4	2	0	1	1	2	2	1	2000		204	2000
29	3	10	6	3	2	3	1	1	1	3	0	4	8	0	1	2	0	0	2000		144	2000
12	4	5	3	0	0	2	1	2	2	1	3	3	2	0	1	0	2	0	2000		70	2000
3	18	6	5	3	1	4	1	1	2	0	9	0	0	3	0	0	1	0	2000		46	2000
24	21	19	4	12	0	1	9	8	1	4	2	1	2	3	4	0	1	1	2000		70	2000
30	34	14	6	2	11	0	0	3	10	2	0	3	0	2	1	2	1	1	2000		51	2000
28	5	16	12	5	8	1	0	0	5	1	2	0	0	0	0	0	3	0	2000		33	2000
3	4	8	1	7	0	9	1	5	1	2	1	3	1	0	0	1	0	0	2000		68	2000
17	3	1	2	2	5	3	4	0	1	0	1	0	1	0	0	0	0	0	2000		128	2000
16	2	13	6	3	7	0	6	0	1	2	1	2	1	3	0	1	3	6	2000		77	2000
22	3	3	9	3	5	2	4	0	1	5	3	2	2	0	1	4	0	0	2000		52	2000
35	7	6	16	3	1	2	1	1	4	0	3	1	0	1	1	0	2	1	2000		69	2000
3	4	10	9	4	0	2	0	0	2	1	2	0	0	0	2	1	3	0	2000		21	2000
14	13	4	1	1	14	1	6	2	1	2	1	0	1	0	0	3	0	2	2000		117	2000
28	5	7	6	1	4	1	5	0	1	0	0	2	3	3	1	0	0	2	2000		123	2000
17	15	1	12	4	8	1	0	4	4	0	0	1	0	2	2	2	3	4	2000		78	2000
25	4	3	9	3	7	3	0	3	0	0	0	0	4	0	0	0	4	0	2000		8	2000
21	3	8	4	3	1	2	3	1	7	2	2	1	4	7	0	0	6	2	2000		270	2000
1	15	3	2	0	6	8	2	1	0	0	3	1	2	1	1	2	2	3	2000		33	2000
49	9	4	2	0	3	1	3	6	5	1	2	0	1	0	0	0	0	1	2000		77	2000
40	9	8	2	4	1	1	6	4	1	1	3	1	2	0	1	2	2	2	2000		185	2000
22	4	4	6	2	4	0	6	5	3	0	0	1	3	2	0	0	0	1	2000		58	2000
25	5	3	2	0	5	2	2	0	1	4	1	0	0	1	1	5	0	0	2000		48	2000
24	9	1	8	6	0	8	1	2	0	2	4	0	3	1	0	0	0	0	2000		185	2000
16	47	3	4	12	1	3	1	2	3	2	2	1	1	4	4	2	1	3	2000		58	2000
22	4	0	12	3	1	1	2	0	2	0	1	4	3	0	1	0	2	0	2000		138	2000
1	23	11	3	7	12	3	4	4	0	3	4	4	0	1	1	2	1	0	2000		81	2000
23	2	10	7	6	4	8	6	2	2	0	0	1	1	0	2	3	1	2	2000		33	2000
20	6	7	4	4	5	1	4	0	3	4	1	0	0	0	1	1	0	1	2000		64	2000
22	10	7	1	5	3	2	1	1	0	2	1	2	2	0	1	1	2	0	2000		48	2000
21	8	13	4	9	2	2	2	1	1	2	5	6	0	0	0	0	0	10	2000		75	2000
16	13	10	4	2	3	4	7	7	1	0	1	3	0	0	2	0	4	0	2000		118	2000
29	23	9	7	9	0	1	1	2	2	3	5	1	0	0	1	7	0	4	2000		38	2000
11	16	9	6	0	7	7	1	2	1	3	2	2	0	0	2	4	0	0	2000		149	2000
19	1	8	2	7	5	5	0	1	3	0	3	1	0	0	0	0	0	0	2000		20	2000
11	8	6	9	0	5	0	0	5	0	2	5	0	1	4	2	1	0	0	2000		74	2000
20	5	6	7	5	4	0	3	2	6	0	0	0	0	1	1	0	1	1	2000		110	2000
34	11	1	3	6	2	1	1	10	2	2	1	0	2	8	1	5	1	1	2000		52	2000
7	9	3	10	3	1	4	2	0	1	3	1	0	3	0	0	2	0	1	2000		23	2000
16	8	3	2	7	5	1	7	3	0	0	1	1	2	4	4	0	2	1	2000		45	2000
38	25	12	0	5	0	7	0	1	2	1	0	1	4	1	1	3	3	0	2000		79	2000
11	5	15	2	5	3	0	3	4	0	0	0	1	1	0	1	4	0	1	2000		112	2000
18	14	15	2	5	7	2	0	1	1	1	0	1	2	3	4	1	0	3	2000		101	2000
17	4	3	5	6	3	1	1	4	1	1	3	5	2	1	3	1	1	0	2000		95	2000
44	7	5	1	3	4	0	7	1	1	4	1	0	0	7	1	3	1	0	2000		79	2000
31	1	8	8	3	0	2	1	0	2	0	5	4	1	0	0	1	0	2	2000		83	2000
12	7	2	6	7	9	1	4	1	1	9	0	3	5	0	0	0	1	1	2000		107	2000
16	15	3	7	1	4	1	5	2	2	3	0	0	0	1	0	0	0	0	2000		54	2000
68	7	12	6	1	2	1	3	4	1	3	5	3	1	0	4	0	0	2	2000		71	2000
12	16	4	8	2	3	4	1	5	3	1	8	1	2	1	0	0	0	2	2000		31	2000
12	4	7	4	3	4	1	1	0	6	0	0	0	2	4	0	2	1	1	2000		207	2000
6	4	8	5	12	1	0	0	1	0	4	1	3	0	3	3	2	1	1	2000		148	2000
8	1	0	5	6	3	5	2	1	1	1	1	1	0	3	4	2	0	1	2000		37	2000
18	7	8	7	1	1	2	4	0	0	1	1	7	2	2	1	3	2	1	2000		80	2000
17	16	0	3	0	2	6	2	0	0	2	0	2	1	1	0	1	2	0	2000		38	2000
30	15	3	13	0	2	2	1	1	3	2	0	1	0	0	1	1	2	0	2000		38	2000
12	2	5	9	0	2	2	0	0	0	0	0	2	2	0	0	2	6	1	2000		109	2000
17	6	10	4	11	0	1	2	3	0	3	2	4	3	2	1	2	0	0	2000		28	2000
16	10	8	1	2	2	1	2	2	0	4	0	1	3	0	0	0	2	0	2000		227	2000
21	16	20	13	10	3	0	10	1	2	3	6	0	0	1	3	0	1	3	2000		58	2000
16	13	6	3	8	1	0	0	0	4	0	0	1	1	0	2	0	0	1	2000		70	2000
21	30	14	3	6	5	6	7	1	5	1	1	2	0	1	1	1	0	3	2000		191	2000
16	12	3	1	4	7	2	2	4	0	2	3	0	0	4	3	1	2	0	2000		125	2000
28	12	5	6	6	6	3	2	2	4	3	0	2	1	2	2	1	1	0	2000		246	2000
16	9	5	6	3	9	8	1	2	3	0	2	1	7	0	2	2	1	1	2000		96	2000
75	13	1	0	4	7	3	0	0	4	1	2	0	1	0	3	0	0	0	2000		183	2000
10	9	8	0	7	1	4	2	7	1	4	1	6	1	3	1	1	1	0	2000		58	2000
28	4	5	2	7	5	3	0	2	0	3	1	1	1	1	0	0	1	5	2000		107	2000
19	4	5	1	2	6	0	2	0	0	2	7	3	1	0	0	0	0	1	2000		176	2000
9	18	4	3	2	2	1	4	4	0	0	0	1	1	1	1	0	1	0	2000		234	2000
15	12	3	8	7	3	5	3	5	4	1	6	0	1	4	3	0	2	0	2000		110	2000
4	5	6	3	6	2	2	2	2	1	1	2	2	3	1	0	0	2	0	2000		101	2000
5	12	2	5	0	4	1	5	2	2	2	2	0	2	4	0	1	0	0	2000		22	2000
2	1	4	9	0	4	1	0	0	2	4	1	3	0	0	0	1	2	0	2000		104	2000
2	4	8	2	3	4	1	2	4	3	3	0	1	1	1	5	0	1	2	2000		36	2000
33	6	0	12	3	5	14	5	2	2	1	1	3	0	2	3	0	0	0	2000		115	2000
13	9	20	3	6	2	0	2	0	3	1	1	0	4	0	1	2	1	1	2000		106	2000
12	1	5	1	4	4	7	4	7	5	3	1	0	0	1	1	0	0	1	2000		74	2000
1	1	7	8	1	2	7	2	1	5	0	4	1	2	3	2	2	2	0	2000		200	2000
5	5	15	2	3	4	1	1	1	0	1	0	0	3	2	1	4	0	0	2000		77	2000
11	4	4	5	1	1	1	2	4	1	2	2	3	2	0	1	1	0	2	2000		51	2000
64	12	13	0	3	2	1	0	5	4	0	4	2	1	1	2	2	4	1	2000		35	2000
40	10	0	5	6	6	5	1	0	3	2	1	0	0	0	1	0	0	1	2000		44	2000
13	11	4	1	8	6	2	3	2	3	1	0	1	2	2	0	0	0	1	2000		164	2000
21	8	0	2	10	2	12	0	1	5	0	5	1	3	3	1	2	1	0	2000		96	2000
34	12	3	9	0	3	2	8	4	1	0	1	2	1	5	0	0	3	3	2000		44	2000
15	23	16	6	0	1	1	3	4	0	1	1	1	1	0	0	2	0	1	2000		89	2000
31	3	5	5	2	5	2	1	0	2	3	1	1	2	7	1	0	1	0	2000		123	2000
17	0	17	7	4	0	2	3	8	9	1	4	0	0	3	0	0	1	1	2000		102	2000
13	12	4	1	4	5	4	2	0	2	0	3	3	0	3	2	2	1	1	2000		88	2000
13	4	10	0	2	3	4	3	0	2	2	1	0	3	0	0	1	1	1	2000		119	2000
28	6	6	3	0	8	0	3	1	6	0	0	0	0	1	1	1	3	1	2000		101	2000
14	5	6	14	2	1	2	1	2	3	1	2	0	0	0	1	0	0	3	2000		76	2000
15	7	11	4	10	2	1	5	1	4	7	5	2	1	1	1	2	0	1	2000		110	2000
30	2	15	7	5	0	9	2	0	0	1	1	2	1	0	2	0	0	0	2000		22	2000
8	2	1	9	9	2	9	0	0	2	0	2	1	0	0	1	1	0	0	2000		21	2000
7	5	21	8	7	0	7	1	1	1	1	0	2	1	0	1	2	1	2	2000		34	2000
8	11	4	2	1	2	5	0	7	3	3	0	4	1	0	1	1	0	2	2000		25	2000
35	16	11	21	6	1	3	4	1	0	1	1	5	2	1	0	0	2	0	2000		97	2000
20	3	0	4	2	1	4	3	6	1	1	0	0	3	1	3	3	0	0	2000		171	2000
5	0	9	0	2	1	11	2	1	3	1	0	2	0	1	1	2	1	1	2000		16	2000
5	34	9	7	4	3	4	1	0	2	2	1	2	1	1	1	0	2	0	2000		394	2000
9	27	3	9	6	4	0	5	5	0	1	0	1	4	1	3	0	1	0	2000		101	2000
7	3	6	3	1	2	3	3	6	2	0	2	3	2	0	1	1	0	2	2000		90	2000
19	7	9	5	3	4	10	4	2	0	2	1	2	1	0	2	1	0	1	2000		69	2000
18	10	0	4	5	0	1	4	1	0	2	4	1	1	2	2	0	2	1	2000		33	2000
20	23	6	2	4	9	4	1	1	1	1	0	5	3	4	1	4	0	1	2000		55	2000
27	16	4	3	7	9	1	0	1	0	1	2	5	3	1	0	3	0	0	2000		26	2000
10	26	6	5	1	2	3	2	0	1	2	2	1	0	2	1	2	0	2	2000		27	2000
18	9	7	7	2	0	0	1	1	0	2	0	2	2	1	0	0	0	0	2000		51	2000
30	6	6	13	13	1	2	1	0	0	1	0	0	0	0	2	2	1	1	2000		90	2000
16	9	5	3	0	8	5	0	1	1	6	3	6	2	0	1	0	0	1	2000		173	2000
1	12	4	1	2	1	1	4	2	0	0	3	1	0	3	2	1	0	1	2000		58	2000
37	5	6	2	1	5	2	1	2	5	2	0	2	0	0	1	0	0	3	2000		169	2000
48	8	3	5	10	0	14	4	0	1	2	3	2	5	2	0	1	2	2	2000		48	2000
52	7	3	1	12	2	3	5	4	2	2	1	0	1	0	1	1	0	0	2000		66	2000
17	13	4	0	11	13	7	0	0	2	2	1	6	1	0	2	2	2	3	2000		97	2000
70	31	2	8	3	3	6	0	6	3	1	2	0	5	1	1	0	2	0	2000		153	2000
12	2	0	4	7	20	1	2	5	2	3	0	0	5	1	0	1	0	0	2000		120	2000
10	21	14	1	1	1	1	0	0	4	3	2	0	2	0	1	3	0	0	2000		129	2000
19	6	7	10	8	3	4	7	2	1	1	1	0	2	4	2	0	2	2	2000		111	2000
15	20	3	8	1	0	0	3	2	7	7	2	0	1	2	1	0	2	1	2000		64	2000
14	4	5	5	8	0	3	4	1	2	3	2	3	4	0	0	1	0	0	2000		26	2000
16	10	3	7	11	3	0	2	4	0	1	2	1	4	3	1	8	0	0	2000		63	2000
13	9	6	2	3	0	2	3	1	6	2	0	1	0	0	0	1	1	1	2000		22	2000
19	15	4	5	13	2	2	2	1	1	1	1	3	0	0	0	0	0	2	2000		61	2000
14	12	6	2	5	3	2	0	1	3	1	4	4	1	0	0	2	3	0	2000		6	2000
10	0	2	2	0	2	1	1	3	2	1	3	1	1	2	0	1	1	1	2000		21	2000
23	2	8	9	4	3	1	3	7	2	2	6	3	1	0	1	0	1	1	2000		160	2000
52	1	0	11	5	1	1	5	4	2	6	0	0	1	2	2	0	1	3	2000		112	2000
24	18	0	2	1	1	2	6	2	2	4	0	2	0	1	4	2	1	5	2000		53	2000
9	26	15	5	4	4	9	1	2	2	1	0	9	2	2	0	1	1	2	2000		110	2000
4	0	4	4	3	4	2	5	3	4	0	0	2	1	3	0	3	1	0	2000		30	2000
10	7	2	12	3	3	2	1	0	8	1	0	5	2	1	0	3	2	0	2000		254	2000
3	0	1	0	4	2	4	1	0	1	1	3	4	1	0	0	0	1	0	2000		27	2000
12	9	6	3	1	4	3	1	0	2	0	2	4	1	1	5	0	0	1	2000		13	2000
9	14	3	6	4	10	0	6	0	0	0	3	1	3	2	0	4	2	0	2000		62	2000
74	5	6	1	0	3	7	1	2	2	2	1	6	2	2	1	2	0	3	2000		151	2000
2	9	4	0	10	1	3	1	1	0	4	0	1	0	0	0	0	1	2	2000		85	2000
19	17	5	0	7	6	3	2	2	0	0	2	2	0	0	1	1	0	0	2000		213	2000
32	10	11	3	9	2	0	0	0	3	1	3	6	0	1	0	0	0	2	2000		18	2000
8	11	3	5	1	2	1	4	0	0	0	2	0	4	1	4	0	2	0	2000		106	2000
39	12	3	11	4	3	0	1	1	1	0	1	0	3	0	1	0	2	2	2000		21	2000
7	1	5	3	2	5	5	3	3	4	6	0	0	2	5	1	1	3	2	2000		107	2000
25	9	12	5	5	2	1	8	2	0	2	0	1	0	0	1	1	1	0	2000		82	2000
2	4	10	2	5	5	9	1	2	0	0	0	2	1	0	0	0	4	0	2000		47	2000
7	14	23	4	7	4	1	0	1	5	1	1	0	0	3	0	2	1	0	2000		43	2000
1	15	2	3	4	0	0	3	3	5	1	0	0	0	3	0	0	0	1	2000		28	2000
11	22	2	0	1	2	1	1	5	1	4	1	1	1	1	0	0	0	1	2000		156	2000
9	3	7	0	4	4	0	0	0	0	2	4	0	3	2	1	1	2	1	2000		5	2000
10	7	0	4	0	2	2	1	1	1	3	0	2	3	3	1	0	3	1	2000		37	2000
17	3	8	1	1	3	2	3	2	3	5	4	1	4	2	0	0	0	3	2000		6	2000
20	2	8	6	10	5	3	1	1	0	1	4	0	0	0	5	2	2	0	2000		103	2000
31	6	3	0	5	2	3	0	2	0	2	1	0	2	1	0	0	0	2	2000		76	2000
13	17	2	5	4	5	3	7	1	0	0	2	1	1	3	1	0	0	2	2000		94	2000
4	9	3	5	0	8	0	3	3	0	4	1	0	3	4	1	0	5	1	2000		188	2000
18	12	6	3	7	3	1	0	4	2	1	2	1	3	2	1	1	3	2	2000		175	2000
24	4	5	11	1	1	5	0	1	4	0	1	2	6	0	0	1	0	0	2000		101	2000
9	11	4	6	8	2	2	6	0	1	1	1	2	0	0	0	0	5	1	2000		120	2000
24	23	2	5	3	3	0	0	4	7	1	1	0	3	3	0	0	0	0	2000		356	2000
6	24	5	1	2	2	4	0	7	6	1	0	0	4	0	4	0	0	0	2000		131	2000
31	8	3	2	4	5	1	7	2	0	0	0	1	0	1	0	1	0	3	2000		16	2000
5	26	11	7	10	2	8	1	0	1	2	1	0	0	1	0	0	2	1	2000		14	2000
10	1	6	10	0	2	4	1	5	1	0	2	1	4	0	0	1	1	1	2000		147	2000
4	14	5	1	0	3	2	1	0	0	2	4	0	0	2	1	1	0	1	2000		102	2000
9	16	10	5	3	4	0	2	6	2	3	0	3	0	1	2	0	1	1	2000		97	2000
7	4	4	18	5	2	2	1	2	1	3	0	3	1	2	2	0	1	0	2000		46	2000
15	7	25	2	5	5	1	1	3	3	1	2	0	1	0	0	1	2	5	2000		132	2000
4	12	1	8	2	1	0	1	3	3	1	2	0	1	3	0	2	0	2	2000		111	2000
25	3	6	2	3	4	2	2	1	1	0	3	1	1	2	4	1	0	5	2000		130	2000
13	3	6	3	3	0	2	2	1	0	1	5	6	1	0	0	1	0	3	2000		52	2000
13	8	16	4	6	0	0	2	2	0	1	4	0	0	2	2	1	0	0	2000		62	2000
22	5	4	2	1	7	0	1	0	6	1	3	4	3	0	4	2	0	0	2000		137	2000
20	12	6	2	8	10	3	5	5	2	1	1	1	1	5	0	1	1	1	2000		152	2000
21	5	9	6	2	6	1	5	1	0	3	8	1	1	0	1	1	3	1	2000		92	2000
12	11	6	2	2	10	0	5	2	3	6	0	2	0	0	0	0	1	1	2000		50	2000
13	18	11	9	1	1	1	0	4	9	1	4	0	0	1	1	1	1	1	2000		58	2000
37	12	8	0	2	3	0	0	0	0	3	5	6	0	0	0	2	1	1	2000		43	2000
6	10	2	4	9	4	1	3	5	4	1	2	1	0	2	0	2	0	0	2000		119	2000
9	12	7	10	4	0	4	1	0	1	4	3	1	1	5	0	0	2	3	2000		38	2000
16	9	1	2	1	7	2	1	3	0	0	1	0	1	6	1	0	3	0	2000		95	2000
3	17	6	1	3	2	1	0	0	2	2	1	1	1	4	1	2	3	1	2000		79	2000
28	9	2	5	8	1	0	1	0	3	2	1	1	1	0	2	1	0	2	2000		33	2000
15	3	3	2	4	4	4	2	2	1	2	0	2	3	4	1	1	0	1	2000		60	2000
11	2	0	6	5	3	4	5	0	0	9	2	0	0	4	2	1	0	1	2000		29	2000
3	25	10	11	1	13	2	3	2	4	2	2	6	0	0	1	4	0	0	2000		82	2000
19	14	3	6	8	3	1	2	0	0	3	2	2	1	2	0	6	2	1	2000		35	2000
9	4	1	9	3	0	8	0	1	2	1	5	5	1	1	0	1	0	2	2000		20	2000
22	6	7	4	6	3	2	4	0	0	1	5	1	2	1	1	2	0	0	2000		17	2000
10	3	3	0	5	6	1	0	6	4	1	1	0	0	0	0	0	0	1	2000		63	2000
14	3	17	7	2	3	1	3	7	2	1	4	1	3	3	0	2	1	0	2000		29	2000
11	29	4	2	3	3	1	5	1	2	0	1	2	1	0	0	0	4	0	2000		67	2000
4	10	6	11	1	0	2	6	1	0	0	0	1	2	1	0	0	3	0	2000		129	2000
8	12	3	2	2	1	5	12	3	0	0	2	0	2	0	1	1	2	1	2000		199	2000
19	13	16	1	6	6	3	2	6	6	0	3	2	1	0	1	4	0	1	2000		23	2000
8	7	5	8	13	1	4	2	2	4	1	3	0	4	1	1	2	1	1	2000		37	2000
23	6	11	5	3	2	4	0	1	3	2	1	2	6	0	0	1	0	1	2000		105	2000
19	27	8	3	1	4	9	9	2	1	0	1	2	1	0	0	0	1	0	2000		163	2000
12	11	6	5	4	3	6	1	0	3	0	0	2	1	2	0	0	0	0	2000		182	2000
58	14	2	3	1	2	3	2	0	1	1	1	2	2	1	0	1	0	4	2000		27	2000
10	2	4	6	0	2	2	7	0	3	0	1	4	3	1	4	1	1	0	2000		28	2000
3	32	6	2	4	0	9	3	2	6	4	0	1	1	1	0	0	0	3	2000		94	2000
21	2	6	3	12	1	0	3	1	1	3	1	0	2	2	1	1	2	1	2000		42	2000
16	28	21	1	8	3	2	1	2	2	2	2	2	0	2	1	0	1	0	2000		163	2000
5	13	10	12	4	0	1	1	0	0	5	0	2	1	4	0	5	0	0	2000		84	2000
36	10	5	6	2	2	3	1	0	3	3	2	1	0	3	2	1	1	0	2000		7	2000
25	11	9	16	7	1	0	1	0	4	2	3	1	2	2	3	1	2	0	2000		118	2000
14	4	11	10	2	2	7	9	1	3	1	0	0	0	4	1	1	1	0	2000		27	2000
2	6	5	9	5	4	3	1	1	0	1	1	1	7	1	1	0	3	2	2000		89	2000
13	23	1	0	2	1	2	2	3	1	9	0	0	0	2	0	2	5	0	2000		21	2000
13	26	2	0	8	6	0	6	10	0	3	1	0	3	0	0	0	0	2	2000		70	2000
19	11	22	4	4	3	3	0	0	0	2	4	1	0	0	1	0	0	0	2000		7	2000
6	25	12	2	3	2	0	6	0	1	0	2	0	3	4	1	0	2	0	2000		17	2000
5	9	5	6	9	0	1	5	6	2	1	1	1	2	1	2	4	0	0	2000		103	2000
4	23	6	2	2	3	5	1	0	1	0	1	0	1	2	1	0	0	0	2000		57	2000
10	19	11	5	9	1	2	1	2	1	0	0	1	0	0	3	0	4	2	2000		234	2000
32	9	1	1	1	4	12	1	1	8	1	1	0	0	0	0	0	2	1	2000		64	2000
14	10	7	7	0	2	6	2	3	4	1	0	2	4	3	1	2	2	0	2000		151	2000
29	10	4	10	5	5	10	2	4	1	1	1	4	2	0	5	1	7	0	2000		43	2000
38	7	3	18	5	2	0	4	1	1	3	0	0	0	1	1	3	3	0	2000		89	2000
38	7	0	0	2	4	7	1	2	1	2	2	0	2	1	2	1	5	0	2000		136	2000
18	2	1	4	2	1	1	4	5	0	2	1	3	1	0	0	0	0	0	2000		144	2000
17	4	0	3	10	3	5	1	1	3	3	0	1	0	1	2	0	0	0	2000		119	2000
3	11	2	2	3	5	6	1	3	2	1	2	0	1	1	2	0	1	0	2000		103	2000
3	16	11	5	1	2	2	0	0	1	1	1	0	0	0	0	1	5	1	2000		62	2000
64	6	4	12	2	0	1	5	1	4	3	1	0	0	1	2	2	1	2	2000		68	2000
15	15	4	2	13	0	2	7	10	1	0	2	4	1	1	0	2	1	0	2000		26	2000
2	6	9	1	9	6	1	1	4	2	5	6	0	0	0	1	1	1	2	2000		43	2000
25	13	5	13	9	7	3	4	0	4	2	0	5	1	0	1	2	4	1	2000		37	2000
18	11	4	16	1	2	0	4	1	4	0	4	0	3	0	0	0	0	1	2000		24	2000
26	0	10	1	3	2	6	1	1	2	4	2	5	1	0	0	3	2	1	2000		206	2000
11	10	18	2	2	1	11	1	2	3	0	1	3	0	3	1	0	2	1	2000		243	2000
7	19	12	13	10	0	4	5	0	2	1	0	1	2	1	0	2	1	2	2000		31	2000
6	9	10	4	4	0	9	0	0	1	1	2	0	0	2	0	0	0	3	2000		57	2000
17	10	15	5	8	2	11	1	4	0	0	3	0	1	1	1	2	3	1	2000		166	2000
9	5	6	3	0	2	5	5	3	1	0	2	0	2	2	5	1	1	3	2000		52	2000
7	2	9	5	7	2	1	1	1	3	0	0	0	1	1	1	2	0	0	2000		63	2000

59	7	2	1	0	1	2	0	0	0	0	0	0	1	0	0	0	0	0	6000		19	6000
35	5	5	1	0	0	0	0	0	0	0	0	0	0	0	0	0	0	0	6000		3	6000
28	1	2	2	0	0	0	0	0	1	0	0	0	0	0	1	1	0	0	6000		4	6000
43	2	5	1	0	1	0	0	0	2	0	0	0	0	0	0	1	0	0	6000		7	6000
16	4	0	2	3	0	0	1	0	0	1	0	0	0	0	1	1	0	0	6000		19	6000
19	6	4	1	2	1	1	0	0	0	0	0	0	0	0	1	0	0	0	6000		13	6000
11	4	2	1	0	0	0	1	0	0	0	0	0	1	0	0	0	0	0	6000		14	6000
24	4	1	2	2	0	2	0	0	0	1	0	0	1	0	0	0	1	0	6000		5	6000
8	5	2	3	2	0	0	0	0	0	0	0	0	0	0	0	0	0	0	6000		3	6000
3	1	1	1	0	0	1	0	0	0	0	0	1	0	1	0	0	0	0	6000		8	6000
15	8	7	2	1	5	0	0	0	0	2	0	0	0	0	0	0	0	0	6000		15	6000
1	1	3	1	3	0	1	0	1	0	0	2	0	0	0	0	0	0	0	6000		0	6000
14	4	4	5	0	0	1	0	0	0	0	1	0	0	0	0	0	0	0	6000		4	6000
20	4	2	1	1	0	1	0	1	1	0	0	1	1	0	0	0	0	1	6000		25	6000
9	1	0	2	0	0	0	0	0	0	1	0	0	0	0	0	0	0	0	6000		6	6000
1	5	3	0	1	1	1	0	2	1	1	1	0	0	0	1	0	0	0	6000		14	6000
11	7	1	2	0	0	0	0	1	0	0	2	0	0	0	0	0	0	0	6000		17	6000
36	7	3	5	0	0	2	0	0	0	0	0	0	0	0	0	0	0	0	6000		5	6000
26	5	0	1	1	0	0	0	0	0	0	0	0	0	1	0	0	0	0	6000		13	6000
30	3	1	1	0	0	1	0	0	0	0	0	0	0	0	0	0	1	0	6000		22	6000
2	1	1	0	2	0	0	0	0	0	0	1	1	1	0	0	1	0	0	6000		0	6000
13	1	0	0	0	1	0	0	0	0	0	0	1	0	0	0	0	0	0	6000		2	6000
6	2	2	1	2	0	1	3	0	0	1	0	1	0	0	0	0	0	1	6000		2	6000
2	3	3	1	0	1	4	0	1	0	0	2	0	1	0	0	0	0	0	6000		5	6000
6	2	5	1	1	1	0	0	1	0	0	0	1	0	0	0	0	0	0	6000		0	6000
37	2	1	3	0	0	2	0	0	0	0	0	0	0	0	0	0	1	0	6000		7	6000
10	4	2	4	0	1	1	1	0	0	0	1	0	0	0	0	0	0	0	6000		8	6000
36	3	2	4	0	0	1	0	0	0	0	0	0	0	0	0	0	0	0	6000		5	6000
2	7	1	5	3	2	1	0	1	0	0	0	0	0	0	0	0	0	0	6000		10	6000
16	1	0	0	2	1	0	0	1	0	0	1	0	0	0	0	0	0	0	6000		19	6000
16	1	4	2	1	1	0	0	1	0	1	0	0	0	0	2	0	1	0	6000		1	6000
7	3	3	6	2	0	0	0	1	0	0	0	0	0	0	0	0	0	0	6000		14	6000
26	3	2	5	1	0	1	1	0	1	0	0	0	1	0	1	0	0	0	6000		3	6000
18	1	3	4	1	0	5	0	0	0	0	0	0	0	0	0	0	0	0	6000		5	6000
44	2	4	1	0	3	1	0	0	1	0	0	1	0	0	0	0	0	0	6000		21	6000
14	7	0	2	0	6	0	0	1	0	1	0	0	1	0	0	0	0	0	6000		6	6000
42	3	0	2	1	0	0	0	0	0	0	0	0	0	0	0	0	0	0	6000		6	6000
15	6	6	1	1	2	0	2	1	1	0	0	1	0	0	0	0	0	1	6000		25	6000
19	1	4	0	0	0	0	0	0	0	2	0	0	0	0	0	0	0	0	6000		4	6000
64	10	0	4	0	0	0	0	0	1	0	0	0	1	1	1	0	0	0	6000		8	6000
3	3	2	3	1	0	0	1	0	0	0	0	0	0	0	2	0	0	0	6000		11	6000
18	4	0	0	1	0	0	0	1	0	0	2	0	0	0	0	0	0	0	6000		7	6000
11	0	0	0	0	3	0	0	0	0	0	1	0	0	1	0	0	0	0	6000		4	6000
19	5	0	2	1	1	0	0	0	0	0	0	1	1	0	0	1	0	1	6000		3	6000
2	12	3	0	2	2	0	0	1	0	1	0	0	0	0	0	0	0	0	6000		2	6000
9	1	1	0	1	0	0	0	0	0	1	0	0	0	0	0	0	0	1	6000		9	6000
14	7	7	0	3	0	0	1	0	0	0	0	0	0	0	0	0	0	0	6000		3	6000
4	9	2	1	0	1	1	2	0	0	1	1	0	0	0	0	0	0	0	6000		11	6000
42	4	0	1	2	1	0	0	0	2	0	1	0	2	0	0	0	0	1	6000		1	6000
2	1	4	1	2	1	0	1	0	0	1	1	0	0	0	0	0	0	1	6000		0	6000
21	3	2	3	0	0	1	0	1	0	0	0	1	0	0	0	0	0	0	6000		10	6000
14	0	2	2	3	0	0	1	0	0	0	0	0	0	0	0	0	0	1	6000		4	6000
18	1	1	0	0	0	1	1	0	0	1	0	0	1	1	0	0	0	0	6000		0	6000
9	6	3	0	0	1	1	0	0	0	0	0	0	0	0	0	0	0	0	6000		13	6000
17	4	1	1	1	1	0	0	0	0	0	1	0	0	0	0	0	0	0	6000		6	6000
16	2	3	2	1	0	1	0	0	0	1	0	0	0	0	0	0	0	0	6000		2	6000
21	8	2	4	0	1	2	0	0	0	1	0	0	1	0	0	0	0	0	6000		2	6000
20	6	1	0	0	0	0	2	0	0	0	0	0	0	0	0	0	0	0	6000		1	6000
23	2	1	2	2	0	0	0	0	0	0	0	1	0	0	1	0	0	0	6000		6	6000
1	9	2	1	1	1	1	0	0	0	0	0	0	0	0	0	0	0	0	6000		15	6000
11	0	8	2	0	0	0	0	2	1	0	0	0	0	0	0	0	1	0	6000		8	6000
5	0	1	0	1	1	0	0	0	0	0	0	0	1	0	0	0	0	0	6000		10	6000
2	2	1	2	0	0	0	0	0	0	0	0	0	0	0	0	0	0	0	6000		4	6000
16	11	1	1	0	0	1	0	0	0	0	1	0	0	0	0	0	0	0	6000		1	6000
5	4	3	0	2	0	0	1	0	0	1	0	1	0	0	0	1	0	0	6000		6	6000
5	7	0	0	1	0	0	1	0	1	0	0	0	0	0	0	0	0	0	6000		4	6000
7	1	3	0	1	0	0	0	1	0	0	0	0	0	0	0	0	2	0	6000		12	6000
14	2	1	2	1	1	0	0	0	0	0	0	0	1	0	0	0	0	0	6000		10	6000
19	4	2	2	0	1	2	0	0	0	0	0	1	0	0	0	0	0	0	6000		16	6000
30	16	1	1	3	1	0	0	0	0	2	1	0	1	0	0	0	0	0	6000		4	6000
1	8	0	0	1	0	0	0	0	1	0	0	0	0	0	0	0	0	0	6000		3	6000
11	2	0	1	0	0	0	0	0	0	1	1	0	0	0	0	1	0	0	6000		6	6000
19	6	5	2	0	1	1	0	1	0	0	0	0	0	0	0	0	0	1	6000		11	6000
14	6	6	3	1	0	1	0	0	0	0	0	1	1	0	0	0	0	0	6000		4	6000
77	4	5	4	1	1	1	1	0	1	0	0	1	1	0	0	0	0	0	6000		7	6000
8	3	1	1	1	0	0	0	1	0	0	0	0	0	0	0	0	0	0	6000		1	6000
11	5	2	5	1	0	2	0	0	1	1	0	0	0	0	1	0	0	1	6000		1	6000
21	9	1	2	1	0	2	0	1	0	1	0	1	0	0	0	0	0	0	6000		2	6000
1	6	3	2	0	0	0	1	0	0	0	1	0	0	0	1	0	0	0	6000		11	6000
6	6	0	0	0	0	0	2	0	0	1	0	0	1	1	0	0	0	0	6000		17	6000
8	3	3	2	0	0	1	0	0	0	0	0	0	0	0	0	0	0	0	6000		17	6000
11	7	0	0	2	0	0	1	0	2	0	0	0	0	0	0	1	0	0	6000		10	6000
7	5	5	1	0	0	2	0	1	1	0	0	0	0	0	0	0	0	0	6000		4	6000
28	6	1	4	0	0	0	0	0	0	0	0	0	0	0	0	0	0	0	6000		7	6000
14	1	0	5	2	1	0	0	0	0	0	0	0	0	0	0	1	0	1	6000		1	6000
12	1	0	5	1	4	0	0	0	0	0	0	0	0	0	0	0	0	0	6000		13	6000
14	3	2	0	0	1	2	0	1	1	0	0	0	0	1	0	0	0	0	6000		10	6000
33	3	8	0	0	0	1	0	0	0	0	0	0	0	0	0	0	0	0	6000		3	6000
21	4	2	0	0	3	1	0	2	0	0	1	1	1	0	0	0	0	0	6000		4	6000
11	5	6	0	0	0	0	0	0	0	0	0	0	0	1	0	0	0	0	6000		2	6000
32	3	2	0	0	0	0	0	0	0	0	1	0	0	0	0	0	0	0	6000		12	6000
16	2	2	1	0	1	4	1	0	1	0	0	0	0	0	0	0	0	0	6000		11	6000
5	5	2	1	0	0	2	0	2	1	0	0	0	0	1	0	0	0	0	6000		3	6000
2	0	3	0	0	0	1	0	0	1	0	0	0	0	0	0	1	0	0	6000		2	6000
1	10	0	0	1	1	2	2	0	0	0	0	0	0	0	0	0	0	0	6000		1	6000
13	2	2	0	2	2	0	0	0	1	0	0	0	0	0	0	0	0	0	6000		3	6000
15	2	3	3	2	0	0	0	1	1	0	1	0	0	0	0	0	0	0	6000		4	6000
26	4	2	0	1	0	0	1	0	0	0	0	2	0	0	0	0	0	0	6000		3	6000
11	5	1	0	0	1	1	1	0	0	1	0	0	1	0	0	0	0	0	6000		4	6000
31	6	1	0	1	1	0	1	0	0	0	0	0	0	0	0	0	0	0	6000		9	6000
3	2	4	1	0	1	1	1	0	0	0	0	0	0	1	0	0	0	0	6000		13	6000
5	6	3	0	1	1	2	1	0	1	1	0	0	0	0	0	0	0	1	6000		5	6000
45	1	2	1	1	0	0	0	0	0	0	0	0	0	0	0	0	0	0	6000		5	6000
17	8	3	4	0	1	1	0	2	0	1	0	0	0	0	0	0	1	0	6000		41	6000
17	15	2	0	1	1	0	0	0	0	0	0	1	0	0	0	0	0	0	6000		1	6000
7	1	0	0	2	1	0	0	1	0	1	0	0	0	0	0	0	0	0	6000		7	6000
24	14	4	2	1	0	0	1	0	0	0	0	0	0	0	1	0	0	0	6000		2	6000
20	10	2	1	0	0	0	2	0	0	0	0	1	0	0	0	0	0	0	6000		2	6000
1	4	0	0	1	2	0	0	1	0	0	0	0	0	0	0	0	0	0	6000		3	6000
33	2	5	3	0	0	1	0	1	0	0	0	0	0	0	0	0	0	0	6000		16	6000
4	3	0	1	0	0	1	0	0	0	1	0	0	0	0	0	0	0	0	6000		13	6000
18	14	0	1	0	0	0	2	0	1	0	0	1	0	2	0	0	0	0	6000		8	6000
16	5	3	2	1	0	0	0	0	0	1	0	0	0	0	1	0	0	0	6000		5	6000
4	1	0	0	1	0	0	0	0	0	0	1	0	0	0	0	0	0	0	6000		6	6000
10	8	3	1	0	0	0	0	0	0	0	1	0	0	0	0	0	0	0	6000		3	6000
32	8	1	3	0	0	1	0	2	0	0	1	0	0	1	0	0	0	0	6000		5	6000
5	6	2	0	0	0	1	0	1	0	0	0	0	0	0	0	0	0	0	6000		0	6000
32	12	2	1	1	1	0	1	0	0	2	0	1	0	1	0	0	0	0	6000		16	6000
23	4	1	2	0	0	0	1	0	0	0	1	0	0	0	0	0	0	0	6000		5	6000
8	3	5	5	2	1	0	1	0	0	0	0	0	0	0	0	0	0	1	6000		7	6000
16	5	1	1	0	0	0	0	0	0	1	0	0	0	0	0	0	1	0	6000		4	6000
46	15	1	1	4	0	0	0	0	1	0	0	0	1	2	0	1	0	0	6000		11	6000
8	0	2	1	0	0	0	0	1	0	0	0	1	0	0	0	0	0	1	6000		10	6000
12	5	0	2	1	0	0	0	0	0	0	0	0	0	0	0	0	1	0	6000		14	6000
16	7	3	0	1	1	0	0	1	0	0	1	0	0	0	0	0	1	0	6000		3	6000
8	19	5	0	1	1	1	0	0	1	0	1	0	0	0	1	1	0	0	6000		27	6000
18	2	3	1	0	0	0	0	0	0	0	0	0	0	0	0	0	0	0	6000		12	6000
7	12	1	1	0	1	1	1	0	0	0	0	0	0	0	0	0	0	1	6000		14	6000
8	2	5	0	0	0	1	0	0	0	0	0	0	0	0	0	0	0	0	6000		8	6000
40	8	1	1	1	0	0	1	0	0	0	0	0	0	0	1	0	0	0	6000		2	6000
88	4	1	2	1	1	0	2	0	0	0	1	0	0	1	0	0	0	0	6000		9	6000
42	5	0	3	1	0	0	0	0	1	0	0	0	0	0	1	0	1	0	6000		2	6000
18	0	1	1	3	0	0	0	0	1	0	0	0	0	0	0	0	0	0	6000		17	6000
7	7	1	2	0	1	0	0	0	0	0	1	0	0	0	1	1	0	0	6000		15	6000
10	10	0	3	0	1	0	0	1	0	0	0	0	0	1	0	0	0	0	6000		5	6000
11	2	3	2	2	0	1	0	1	0	0	1	0	0	0	1	0	0	0	6000		13	6000
9	13	0	2	0	0	0	2	0	0	0	1	0	0	0	0	0	1	0	6000		8	6000
12	0	3	3	0	0	0	0	0	0	0	0	0	0	2	0	0	0	0	6000		2	6000
26	4	3	0	0	0	1	0	1	1	0	0	0	0	0	0	0	0	0	6000		6	6000
3	2	1	1	0	2	0	0	1	0	0	0	1	0	0	0	0	0	1	6000		2	6000
8	6	0	0	1	0	0	0	0	0	0	0	1	2	0	0	0	0	0	6000		8	6000
7	11	4	1	0	0	0	1	0	0	0	1	0	0	0	0	0	0	0	6000		3	6000
15	4	2	4	1	0	0	0	0	0	0	0	0	0	0	0	0	0	0	6000		11	6000
14	7	3	0	2	0	1	1	0	0	0	0	0	0	1	0	0	0	0	6000		17	6000
3	5	0	3	0	0	0	0	0	0	0	0	0	1	0	0	0	0	0	6000		6	6000
8	5	7	3	0	0	0	0	0	0	0	0	0	0	0	0	1	1	0	6000		8	6000
42	4	0	2	0	2	0	0	0	1	1	1	0	0	0	0	0	0	0	6000		5	6000
47	4	4	0	0	0	0	1	1	0	0	0	0	0	0	0	0	0	0	6000		0	6000
5	8	2	2	1	0	1	0	2	0	0	0	0	0	0	0	0	0	0	6000		19	6000
10	2	1	1	0	5	0	0	1	0	0	0	0	0	0	0	1	0	0	6000		11	6000
18	4	3	0	2	1	0	0	2	0	0	1	0	0	0	0	1	1	0	6000		3	6000
5	11	2	0	0	0	0	0	0	1	0	0	0	0	0	0	0	0	0	6000		3	6000
7	6	0	1	0	0	0	0	1	1	0	0	1	0	0	0	0	0	0	6000		2	6000
19	8	2	1	0	1	2	0	0	0	0	0	0	0	0	0	0	0	0	6000		13	6000
3	7	8	2	0	0	1	0	0	0	1	1	0	0	0	0	0	0	0	6000		7	6000
9	1	0	2	3	0	0	0	0	0	0	1	0	2	0	0	0	0	0	6000		11	6000
25	3	2	0	0	0	1	0	0	0	0	0	0	0	0	0	0	0	0	6000		5	6000
11	7	6	0	3	1	0	1	0	1	0	0	0	1	0	0	0	0	0	6000		2	6000
70	13	0	4	0	0	0	0	1	0	1	1	1	0	0	0	1	0	0	6000		8	6000
7	10	4	2	0	1	0	0	1	0	0	0	1	0	1	0	0	0	0	6000		10	6000
14	6	4	5	0	0	0	0	1	1	0	0	0	0	0	0	0	0	0	6000		4	6000
11	5	1	2	0	0	4	1	0	0	0	1	0	0	0	0	0	0	0	6000		14	6000
27	9	0	1	2	0	0	1	0	0	0	0	0	0	0	0	0	0	0	6000		12	6000
3	4	0	1	0	0	3	0	0	0	0	1	1	0	1	0	1	0	0	6000		7	6000
6	8	1	3	1	0	0	0	0	1	0	0	0	0	0	0	0	0	0	6000		13	6000
3	5	3	1	1	0	0	1	0	0	0	0	0	0	0	0	0	0	0	6000		2	6000
30	0	2	2	3	3	0	0	0	0	0	0	1	0	0	0	0	0	0	6000		14	6000
10	0	3	2	1	1	0	0	0	2	0	0	0	0	1	0	0	0	0	6000		8	6000
8	18	0	0	1	2	0	1	0	0	0	0	0	0	0	1	0	0	0	6000		9	6000
15	2	7	0	0	3	1	0	1	1	0	0	0	0	0	0	0	0	0	6000		13	6000
24	9	0	0	1	1	0	0	1	0	0	0	1	0	0	0	0	0	0	6000		10	6000
12	10	1	1	0	1	0	0	0	0	0	0	0	1	0	0	0	0	0	6000		4	6000
4	1	0	1	2	1	0	0	0	1	0	0	0	0	0	0	1	0	0	6000		6	6000
10	2	1	0	1	0	0	1	1	0	0	0	0	0	0	0	0	0	0	6000		6	6000
3	1	2	1	3	0	2	0	0	0	0	0	0	0	0	0	0	0	0	6000		2	6000
20	1	1	0	1	0	3	0	0	0	0	0	0	0	1	0	0	0	1	6000		1	6000
15	1	0	4	3	0	0	0	1	1	1	1	0	0	0	0	0	0	0	6000		17	6000
18	9	6	1	1	0	1	1	0	1	0	0	1	0	0	0	0	0	0	6000		13	6000
16	1	2	4	0	1	0	1	1	0	0	0	1	0	0	0	0	0	0	6000		21	6000
10	3	1	0	3	0	1	1	0	1	0	0	0	0	0	0	0	0	0	6000		2	6000
29	6	4	1	1	1	0	0	1	0	0	1	0	0	0	0	0	0	0	6000		4	6000
9	0	1	0	0	0	0	0	2	3	0	0	1	0	0	0	0	0	0	6000		12	6000
39	1	1	1	0	0	1	2	0	0	1	0	0	0	0	1	0	0	0	6000		2	6000
31	10	0	1	4	0	0	1	0	0	2	0	0	0	0	0	0	0	0	6000		8	6000
17	3	4	1	1	1	1	0	0	0	0	0	0	0	0	0	1	0	1	6000		3	6000
2	2	1	2	1	0	0	2	0	1	0	0	0	1	0	0	0	0	0	6000		13	6000
28	2	1	3	0	1	2	0	0	3	0	0	0	0	1	0	0	0	0	6000		5	6000
9	6	1	0	3	0	0	0	1	0	0	0	0	0	0	0	0	0	0	6000		1	6000
17	1	3	1	0	1	0	0	0	0	0	0	1	0	0	0	0	0	0	6000		13	6000
28	3	4	0	2	0	0	2	1	0	0	0	0	0	0	0	0	0	0	6000		8	6000
3	12	2	1	1	2	0	0	1	0	1	1	1	0	0	0	1	0	0	6000		2	6000
6	4	1	0	0	0	0	0	0	0	0	0	1	0	0	0	0	0	1	6000		7	6000
1	0	1	0	1	0	1	2	0	0	0	0	0	0	0	0	0	1	0	6000		4	6000
46	16	4	1	0	0	0	0	0	0	0	0	0	0	0	0	0	0	0	6000		6	6000
52	1	5	2	0	1	0	0	0	0	0	1	0	0	0	0	0	0	0	6000		2	6000
30	11	0	0	1	2	0	0	0	0	0	0	1	0	0	1	0	0	1	6000		2	6000
26	7	0	0	0	0	1	0	0	0	0	0	0	0	0	0	0	1	0	6000		8	6000
20	6	3	0	2	0	0	1	0	0	0	0	0	0	0	0	0	0	0	6000		8	6000
15	14	7	0	2	0	1	1	0	0	0	0	0	0	0	1	0	0	0	6000		1	6000
9	2	6	3	0	0	0	0	0	0	0	0	1	0	0	0	0	0	0	6000		4	6000
16	22	0	3	3	2	1	1	0	2	0	0	0	0	0	0	0	0	0	6000		4	6000
7	7	9	1	0	0	0	0	0	0	0	1	0	0	0	0	0	0	0	6000		3	6000
12	8	1	2	0	2	0	1	0	0	0	0	0	0	0	0	0	0	0	6000		4	6000
5	12	5	1	1	0	0	0	0	0	0	0	0	0	0	0	0	0	0	6000		2	6000
30	9	8	4	1	0	1	0	1	0	0	0	0	0	0	0	0	0	0	6000		4	6000
12	2	5	0	2	0	1	0	0	0	0	0	0	0	1	0	0	0	0	6000		3	6000
2	4	2	2	2	0	1	0	0	0	0	0	1	0	1	0	0	0	0	6000		1	6000
23	8	0	4	1	0	1	0	0	0	0	0	0	0	0	0	0	0	0	6000		12	6000
14	8	2	0	2	1	0	0	2	0	0	0	2	1	0	0	0	0	1	6000		6	6000
1	5	0	1	2	0	0	0	0	0	0	0	0	0	0	0	0	0	0	6000		15	6000
3	0	6	0	2	1	1	0	1	0	0	2	0	0	0	0	0	0	0	6000		4	6000
12	12	6	1	3	1	1	1	0	0	1	0	0	0	0	0	0	0	0	6000		10	6000
19	0	0	0	1	1	0	0	0	0	0	0	0	0	0	1	0	0	1	6000		5	6000
45	5	7	0	1	1	0	0	0	0	0	0	0	0	0	0	0	0	0	6000		4	6000
8	25	0	0	2	0	0	2	0	0	0	0	0	0	0	0	0	1	0	6000		13	6000
9	17	3	0	1	0	0	0	0	1	0	0	0	0	0	0	0	0	0	6000		2	6000
6	4	4	4	1	0	0	0	0	0	1	0	0	0	0	0	0	0	0	6000		15	6000
57	3	1	3	0	0	0	0	0	0	0	0	0	0	1	0	0	0	0	6000		7	6000
11	2	0	0	0	2	3	0	0	0	0	0	0	0	1	0	0	0	0	6000		12	6000
8	2	0	2	7	2	0	0	0	0	0	0	0	0	0	0	1	0	1	6000		11	6000
11	12	1	4	1	1	0	0	0	0	0	0	0	0	0	0	1	0	0	6000		10	6000
4	2	1	0	1	0	1	0	1	0	0	0	0	1	0	1	0	0	0	6000		2	6000
8	5	4	3	0	0	0	0	1	0	0	0	0	0	0	0	0	0	0	6000		5	6000
25	4	1	2	1	0	0	0	1	1	0	1	0	0	1	0	0	0	0	6000		6	6000
9	0	0	4	0	0	0	0	0	0	0	0	0	0	0	0	0	0	1	6000		0	6000
54	15	0	0	1	0	0	0	0	2	1	0	0	0	0	2	0	0	0	6000		4	6000
6	4	3	3	1	3	0	0	0	0	0	1	0	1	0	0	0	0	0	6000		0	6000
56	2	3	1	1	0	1	0	0	0	0	0	0	0	1	0	0	0	0	6000		2	6000
35	4	0	0	1	0	0	0	1	0	1	0	0	0	0	0	0	0	0	6000		3	6000
25	4	5	0	0	0	0	0	0	0	0	0	0	0	0	0	0	0	0	6000		8	6000
23	15	1	0	1	2	0	0	0	1	0	0	1	0	0	0	0	0	0	6000		0	6000
11	3	5	2	0	1	0	0	0	1	0	0	0	0	0	0	0	0	0	6000		4	6000
49	10	2	0	2	0	1	1	0	0	0	0	0	0	1	0	0	0	0	6000		3	6000
15	3	2	1	0	2	0	0	0	0	0	0	0	0	0	1	1	0	0	6000		5	6000
24	1	0	2	0	0	0	0	0	0	0	1	0	0	0	0	0	0	0	6000		2	6000
3	2	1	1	1	0	0	0	0	0	0	0	0	0	0	0	0	0	0	6000		1	6000
34	4	0	1	2	0	0	0	0	0	0	1	0	0	1	0	0	0	0	6000		10	6000
9	9	3	1	0	1	0	0	0	1	0	0	0	0	0	0	0	0	1	6000		4	6000
27	4	0	0	0	0	1	0	2	0	0	0	0	0	0	0	0	0	0	6000		14	6000
11	2	1	1	1	0	0	0	2	0	0	1	0	0	0	0	0	0	0	6000		5	6000
14	4	1	0	5	1	0	0	0	2	1	0	0	0	0	0	0	0	0	6000		14	6000
5	6	6	1	0	0	1	1	0	0	1	0	0	0	0	0	0	0	0	6000		8	6000
6	4	0	0	0	0	0	2	0	1	1	0	0	0	0	0	0	0	0	6000		11	6000
37	0	10	1	1	1	0	0	0	0	0	0	0	0	1	0	1	0	0	6000		6	6000
45	4	3	0	0	0	0	0	1	0	0	1	2	0	1	0	0	0	0	6000		2	6000
12	2	3	3	0	0	2	0	2	1	0	0	0	0	0	0	0	0	0	6000		8	6000
8	10	1	1	1	0	1	0	0	0	1	0	0	0	0	0	0	0	0	6000		4	6000
2	3	11	0	0	2	1	0	0	0	0	0	0	0	0	0	0	1	0	6000		13	6000
2	1	1	3	0	3	0	1	1	1	0	0	1	1	0	0	1	0	0	6000		3	6000
14	7	0	1	1	0	0	0	0	0	0	0	0	0	0	0	1	0	0	6000		14	6000
4	3	7	0	0	3	0	1	0	0	2	0	0	0	0	0	0	0	0	6000		10	6000
19	3	1	0	0	1	0	0	0	0	0	1	1	0	0	0	0	0	0	6000		1	6000
3	4	0	1	0	0	1	0	0	1	1	0	0	0	0	0	0	0	0	6000		4	6000
21	0	10	4	0	0	0	0	0	0	0	0	0	0	0	0	0	0	0	6000		7	6000
13	1	8	0	3	2	1	0	0	0	1	0	0	0	0	1	0	0	1	6000		3	6000
12	1	9	1	0	0	0	0	0	1	0	0	1	0	0	0	0	0	0	6000		0	6000
1	2	2	5	0	0	0	0	0	0	1	0	0	0	0	0	0	0	0	6000		9	6000
23	6	0	3	0	1	1	0	0	1	0	0	0	1	0	0	0	0	0	6000		7	6000
10	3	2	5	1	1	1	0	0	0	0	0	0	0	1	0	0	0	0	6000		7	6000
6	5	3	1	0	5	0	0	1	0	0	0	0	0	0	0	0	0	0	6000		12	6000
13	3	3	5	0	0	1	1	0	1	1	0	0	1	0	0	0	0	0	6000		16	6000
40	1	0	0	1	1	0	0	1	1	1	0	0	0	0	0	0	0	0	6000		1	6000
13	1	4	1	0	1	1	1	0	0	0	0	0	0	0	0	0	0	0	6000		10	6000
28	7	0	0	2	0	0	0	0	0	0	1	0	0	0	0	0	0	0	6000		14	6000
5	8	1	0	1	0	2	0	2	0	0	0	0	0	0	0	0	0	1	6000		7	6000
11	12	2	2	2	0	0	0	0	0	1	0	0	0	0	0	0	0	1	6000		2	6000
20	3	3	4	1	0	1	0	0	0	0	1	0	0	0	1	0	0	0	6000		10	6000
11	5	3	1	0	1	1	0	0	0	0	0	0	0	0	0	0	0	0	6000		5	6000
28	4	1	3	0	1	0	0	1	1	0	0	0	0	0	0	0	0	0	6000		7	6000
4	9	4	2	0	0	0	1	1	1	1	0	0	0	1	0	0	1	0	6000		7	6000
9	12	1	1	0	1	1	0	0	0	0	0	0	0	0	0	0	1	0	6000		9	6000
13	7	9	1	1	0	1	0	1	2	0	0	0	0	0	0	0	0	0	6000		15	6000
32	2	3	0	0	3	0	1	0	0	0	0	0	0	1	0	0	0	0	6000		2	6000
4	5	5	1	1	0	2	0	2	1	1	0	0	0	0	0	0	0	0	6000		0	6000
20	0	4	4	0	2	0	1	0	2	0	0	0	0	0	0	0	0	0	6000		4	6000
4	1	3	1	0	1	0	0	0	0	0	0	0	0	0	0	0	0	0	6000		3	6000
6	1	3	3	1	0	0	0	0	0	0	0	0	0	1	1	0	0	0	6000		1	6000
13	3	2	0	1	2	1	0	0	0	0	0	0	0	1	0	0	1	0	6000		1	6000
19	10	0	2	1	0	0	1	0	0	0	0	0	0	1	0	0	0	0	6000		15	6000
10	1	3	1	0	1	1	0	0	1	0	0	0	1	0	0	0	0	0	6000		4	6000
0	15	3	2	1	4	2	0	0	0	0	0	1	0	0	0	0	0	0	6000		12	6000
9	1	0	0	0	1	1	0	0	0	0	0	0	0	0	0	0	0	0	6000		11	6000
30	5	1	1	1	4	0	1	0	0	0	1	0	0	0	0	0	0	0	6000		7	6000
12	2	0	2	1	2	0	0	0	0	1	0	1	0	0	0	0	0	0	6000		14	6000
9	8	2	1	0	1	1	0	0	0	0	0	0	0	0	0	0	0	0	6000		10	6000
28	0	1	0	0	0	1	0	1	0	0	0	0	0	0	0	0	0	0	6000		8	6000
53	3	0	2	0	0	1	0	0	0	0	0	0	1	0	0	0	0	0	6000		2	6000
20	2	0	1	1	0	2	0	0	0	1	0	0	0	0	0	0	1	0	6000		12	6000
11	0	3	1	0	0	1	1	2	0	0	0	2	0	0	1	0	0	0	6000		4	6000
19	2	1	4	0	3	0	0	1	1	0	0	2	0	0	0	0	1	1	6000		3	6000
0	4	1	4	5	0	0	1	0	0	1	0	0	0	0	0	0	0	0	6000		15	6000
9	3	0	1	1	0	0	1	0	0	0	0	0	0	0	0	0	0	0	6000		2	6000
17	13	5	0	1	0	0	1	1	1	0	0	0	0	0	0	0	0	0	6000		6	6000
60	5	2	1	1	0	0	1	0	2	0	0	0	0	0	0	0	0	0	6000		14	6000
12	6	3	0	0	2	1	0	0	0	1	0	0	0	0	1	0	0	0	6000		3	6000
37	2	7	1	0	0	1	1	0	0	0	0	0	0	0	0	0	0	0	6000		0	6000
0	3	4	1	2	3	1	0	0	0	0	0	0	0	0	0	0	0	0	6000		5	6000
30	8	4	2	1	1	0	1	0	1	2	0	0	0	0	0	0	0	0	6000		5	6000
7	6	0	4	1	0	2	1	0	0	0	0	0	0	0	0	0	0	0	6000		14	6000
7	4	5	0	4	0	0	1	0	0	0	0	1	0	0	0	0	0	0	6000		2	6000
4	6	3	1	3	0	0	0	0	0	0	0	0	0	0	0	0	0	0	6000		8	6000
24	5	1	0	2	0	0	1	0	0	0	0	0	0	0	1	0	0	0	6000		3	6000
20	17	3	0	0	2	1	0	1	0	0	0	0	0	0	0	0	0	0	6000		14	6000
4	5	3	1	2	0	1	1	0	0	0	0	0	0	0	0	0	0	0	6000		9	6000
8	8	6	1	1	0	1	0	0	0	0	0	0	0	1	1	0	0	0	6000		4	6000
23	3	1	2	2	0	0	1	1	0	0	1	0	0	1	0	0	0	0	6000		9	6000
0	5	2	1	1	0	0	0	0	0	0	1	0	0	0	0	0	1	0	6000		10	6000
48	3	1	0	0	2	1	0	1	0	0	0	0	0	0	0	0	0	0	6000		15	6000
7	4	1	2	2	0	1	1	0	0	0	0	0	1	0	0	0	0	0	6000		6	6000
10	4	6	1	0	0	1	0	0	0	1	0	0	0	1	0	0	0	1	6000		6	6000
18	5	1	0	2	0	0	0	0	0	0	0	0	0	0	0	0	0	0	6000		13	6000
23	0	1	1	4	0	0	0	0	0	0	0	0	0	0	0	0	0	0	6000		9	6000
5	0	3	2	1	0	1	0	0	0	1	0	0	0	0	0	0	0	0	6000		7	6000
27	10	3	1	0	1	0	2	0	1	1	1	0	1	0	0	0	0	1	6000		0	6000
17	0	2	2	0	0	0	0	0	2	0	0	0	0	0	0	0	0	0	6000		1	6000
33	3	7	0	0	1	1	0	0	1	0	0	0	0	0	1	0	2	0	6000		14	6000
15	7	1	2	1	1	1	0	0	1	0	0	0	0	0	0	0	0	0	6000		1	6000
7	1	4	0	0	0	0	0	0	0	1	0	0	1	0	1	1	0	0	6000		5	6000
0	3	3	0	3	0	1	2	0	1	0	0	0	1	0	0	0	0	0	6000		5	6000
21	4	3	0	3	1	0	0	0	0	0	0	0	0	0	2	0	0	1	6000		9	6000
8	10	4	0	0	1	0	1	1	0	0	0	0	0	1	0	0	0	0	6000		6	6000
27	0	3	3	0	0	0	0	0	0	1	0	0	0	0	0	0	0	0	6000		9	6000
17	4	5	3	2	0	0	0	1	0	0	0	0	0	0	0	0	0	1	6000		5	6000
27	7	1	1	1	0	0	1	0	0	0	1	0	0	0	0	0	0	0	6000		7	6000
7	4	3	0	0	0	0	0	0	0	1	0	0	0	1	0	0	0	0	6000		0	6000
21	2	6	1	1	0	0	0	0	1	1	0	0	0	1	0	0	0	0	6000		8	6000
29	4	3	2	1	3	1	0	2	0	0	1	0	1	0	0	0	0	0	6000		1	6000
50	0	0	0	0	0	1	0	3	0	0	0	0	0	0	0	0	0	0	6000		1	6000
4	4	3	3	0	0	0	1	0	0	0	0	1	0	1	0	0	0	0	6000		8	6000
15	3	3	1	4	0	0	0	0	0	0	0	1	0	0	0	0	0	0	6000		2	6000
11	1	3	2	2	1	0	3	0	0	1	0	0	0	1	0	0	0	0	6000		4	6000
28	7	6	1	0	0	0	0	0	0	0	0	0	0	0	0	0	0	0	6000		10	6000
35	9	1	3	1	0	0	0	0	0	0	0	0	0	0	0	0	0	0	6000		2	6000
6	1	2	1	1	2	1	0	1	0	0	1	0	0	0	0	0	0	1	6000		0	6000
22	0	3	3	1	2	0	0	1	0	0	0	0	0	0	0	0	0	0	6000		2	6000
8	1	5	0	2	0	1	2	0	0	0	0	0	1	0	0	0	0	0	6000		2	6000
12	13	0	1	0	1	0	0	2	0	2	1	0	0	0	0	0	0	0	6000		7	6000
22	10	1	0	4	0	0	0	0	0	0	0	0	2	0	0	0	0	0	6000		6	6000
32	0	0	0	0	2	3	1	2	0	0	0	0	0	0	0	0	1	1	6000		1	6000
30	4	0	3	0	0	1	0	0	0	0	2	0	0	0	0	0	0	0	6000		7	6000
17	12	1	1	4	1	1	0	1	0	0	0	0	0	0	0	0	0	0	6000		3	6000
25	1	8	6	0	1	0	0	0	0	0	0	0	0	0	0	0	0	1	6000		8	6000
24	1	1	4	0	1	0	0	0	0	0	0	0	0	0	0	0	0	0	6000		2	6000
47	12	1	3	0	0	0	0	0	1	0	0	0	0	0	0	0	0	0	6000		4	6000
7	5	5	6	1	0	0	0	0	1	0	0	0	1	0	0	0	0	0	6000		8	6000
5	1	0	1	1	3	0	0	1	0	0	0	0	0	0	0	0	0	0	6000		4	6000
3	3	3	0	0	1	0	0	0	0	0	1	0	2	0	0	0	0	0	6000		1	6000
10	12	0	1	0	0	2	0	0	1	0	0	0	0	0	0	0	0	0	6000		7	6000
20	2	10	3	3	3	2	0	0	0	0	0	0	0	0	0	0	0	0	6000		10	6000
18	2	0	0	1	0	0	1	0	0	0	0	0	0	0	0	0	0	0	6000		9	6000
53	7	0	1	1	0	3	0	0	0	0	0	0	2	0	0	0	0	1	6000		6	6000
16	3	1	1	2	0	0	0	1	1	0	1	0	1	1	0	0	1	0	6000		4	6000
19	19	2	6	0	2	0	0	0	0	1	1	0	0	1	0	0	0	0	6000		6	6000
43	3	3	1	1	0	0	0	2	1	0	0	0	0	0	0	0	0	0	6000		19	6000
3	5	1	1	0	0	1	1	0	0	0	0	1	0	1	0	0	1	0	6000		8	6000
16	0	1	3	0	0	1	0	0	0	0	0	0	0	0	0	0	0	0	6000		11	6000
9	15	1	2	0	0	0	0	0	0	1	0	1	0	0	0	0	0	0	6000		2	6000
4	5	3	0	1	0	3	0	1	0	0	0	0	1	0	0	0	0	0	6000		8	6000
10	5	0	7	1	1	1	0	1	0	1	1	1	0	0	0	0	0	0	6000		4	6000
2	14	1	1	4	0	0	2	0	1	0	1	0	1	0	0	0	0	0	6000		6	6000
11	3	2	2	1	0	1	0	0	0	0	0	0	1	0	0	0	1	0	6000		5	6000
14	1	2	1	2	0	1	0	0	1	0	0	0	0	0	0	0	0	0	6000		5	6000
18	1	7	0	0	2	0	0	0	0	0	0	0	0	0	0	1	0	1	6000		8	6000
19	12	5	0	1	0	0	1	0	0	0	1	1	0	1	0	0	0	0	6000		28	6000
3	1	8	1	0	0	0	0	0	0	1	0	0	0	0	1	0	0	0	6000		2	6000
17	1	4	0	0	0	2	0	0	0	0	0	0	0	0	0	1	0	0	6000		1	6000
12	3	5	0	3	0	2	0	0	0	0	0	0	0	0	0	1	0	0	6000		7	6000
24	2	8	1	1	1	1	1	0	0	0	0	0	0	0	0	0	0	1	6000		3	6000
10	4	3	3	0	0	0	0	0	1	0	1	0	1	0	0	0	0	1	6000		19	6000
16	4	0	0	1	1	0	2	1	0	0	1	0	0	0	0	0	1	0	6000		6	6000
10	8	2	2	1	1	1	0	0	0	0	0	0	0	0	0	0	0	0	6000		15	6000
17	4	0	2	0	1	0	0	0	1	0	0	0	0	1	0	0	0	0	6000		9	6000
16	1	1	2	0	0	0	0	0	1	0	0	0	0	0	0	0	0	0	6000		4	6000
8	1	2	0	2	0	0	1	0	0	0	0	2	0	0	0	0	0	0	6000		13	6000
45	7	7	3	0	0	0	0	3	2	0	0	0	1	0	0	0	0	0	6000		11	6000
54	9	2	1	0	0	0	0	0	0	0	0	0	0	0	0	1	1	0	6000		10	6000
8	6	3	2	0	0	0	0	1	0	0	0	0	0	0	0	0	0	1	6000		17	6000
7	5	1	0	1	1	0	1	0	1	0	0	1	0	0	0	0	0	0	6000		8	6000
13	21	3	1	0	0	0	0	0	0	0	0	0	1	0	0	0	0	0	6000		2	6000
3	4	1	1	0	0	1	0	0	0	0	0	0	0	0	0	0	0	0	6000		10	6000
7	5	2	0	1	0	0	1	0	0	0	0	0	0	0	0	0	0	0	6000		9	6000
12	11	6	0	0	0	2	1	0	1	0	0	0	0	0	0	0	0	1	6000		4	6000
13	2	3	0	2	1	0	2	0	0	0	0	0	0	1	0	0	0	0	6000		5	6000
3	12	1	3	2	1	1	0	0	0	0	0	0	0	0	0	0	0	0	6000		14	6000
8	6	4	1	0	0	0	0	0	0	1	0	0	0	0	0	0	0	0	6000		0	6000
19	6	2	1	0	1	0	0	1	0	0	0	1	0	0	0	0	0	0	6000		2	6000
10	6	0	0	4	1	1	1	0	1	0	0	0	0	0	0	1	1	0	6000		1	6000
4	6	0	0	4	1	3	0	0	0	1	0	0	0	0	0	0	0	0	6000		2	6000
16	7	0	2	0	0	0	0	0	0	0	0	0	1	0	0	0	0	0	6000		4	6000
10	2	5	0	0	1	3	0	0	0	0	0	0	1	0	0	0	0	0	6000		0	6000
2	1	1	0	0	1	0	0	0	0	0	0	0	0	0	0	0	0	0	6000		9	6000
6	10	2	4	1	0	0	0	0	0	0	0	1	0	0	0	0	0	0	6000		2	6000
15	2	1	1	2	0	0	0	0	0	0	0	0	0	0	0	0	0	0	6000		2	6000
8	4	5	1	1	1	0	0	0	1	0	0	0	0	0	0	0	1	0	6000		7	6000
34	2	5	2	0	1	0	0	0	0	0	0	0	0	1	0	0	0	0	6000		14	6000
20	3	4	2	1	1	1	0	0	1	0	0	0	0	1	0	0	0	0	6000		3	6000
28	8	0	7	1	0	0	0	0	1	1	0	0	0	0	0	0	0	0	6000		6	6000
13	4	17	0	1	0	0	0	0	1	0	0	0	0	0	2	0	0	0	6000		1	6000
38	1	3	1	0	0	1	1	2	0	1	0	0	0	0	0	1	0	0	6000		4	6000
16	8	1	1	2	0	0	2	0	0	0	2	0	1	1	0	0	0	0	6000		5	6000
10	0	3	0	0	0	0	0	0	0	2	0	0	0	0	0	0	0	0	6000		2	6000
40	11	1	1	0	1	3	0	0	0	0	1	0	0	0	0	0	0	0	6000		8	6000
9	10	4	1	0	0	0	1	0	1	0	0	0	0	0	0	0	0	0	6000		5	6000
59	2	1	2	0	1	0	1	1	2	0	0	2	0	0	0	0	0	0	6000		2	6000
6	7	1	2	2	0	2	0	1	0	1	0	0	0	0	0	0	0	0	6000		0	6000
64	5	4	0	3	0	0	1	0	0	0	0	0	0	0	0	0	0	0	6000		14	6000
13	3	1	3	1	2	2	0	1	0	0	0	0	0	0	0	1	1	0	6000		6	6000
5	4	4	1	0	0	0	0	0	0	0	1	0	0	0	1	1	0	1	6000		1	6000
20	10	10	0	0	0	0	1	1	0	0	0	0	0	0	0	0	0	0	6000		19	6000
7	5	0	0	2	2	0	0	0	0	0	0	0	0	0	0	0	0	1	6000		4	6000
2	12	4	0	0	0	0	0	1	0	1	0	0	1	0	0	0	0	0	6000		9	6000
1	11	3	2	0	0	3	0	0	0	0	1	0	0	0	0	0	1	1	6000		9	6000
2	9	1	1	2	1	0	0	1	0	0	0	0	0	0	0	0	0	0	6000		7	6000
0	2	3	1	1	1	1	1	0	1	0	0	0	0	0	0	0	0	0	6000		6	6000
12	8	2	0	3	0	0	1	0	0	1	0	0	0	0	0	0	0	0	6000		16	6000
37	0	1	0	0	1	0	0	0	0	0	0	1	1	0	0	0	0	1	6000		7	6000
5	4	0	1	2	2	0	0	0	3	0	1	1	1	0	0	0	0	0	6000		8	6000
35	2	3	3	1	2	2	0	0	0	0	0	0	0	0	0	0	0	0	6000		5	6000
20	2	3	0	1	2	0	0	1	0	0	1	2	0	0	0	0	0	0	6000		6	6000
7	5	3	4	1	0	0	0	0	0	1	0	0	0	0	0	0	0	0	6000		2	6000
31	3	1	3	0	0	0	0	0	0	0	1	0	0	0	0	0	0	0	6000		4	6000
26	3	1	1	3	0	0	0	0	3	0	1	0	0	0	0	0	0	0	6000		2	6000
14	10	0	4	1	0	0	2	2	1	0	0	0	0	0	0	0	0	0	6000		13	6000
13	9	3	2	0	2	1	0	0	0	0	0	0	0	0	0	0	0	0	6000		3	6000
23	1	4	3	0	0	2	2	0	0	0	0	0	0	0	0	0	0	0	6000		9	6000
21	5	2	2	0	2	0	0	1	0	0	1	0	0	0	0	0	0	0	6000		13	6000
69	8	1	1	1	3	2	0	0	0	1	0	0	0	0	0	0	0	0	6000		2	6000
10	9	0	1	2	1	0	1	0	0	1	0	0	1	1	0	1	0	0	6000		11	6000
4	1	2	0	1	2	0	0	0	0	0	0	0	0	0	1	1	0	0	6000		9	6000
8	7	3	0	0	1	0	0	0	0	0	0	0	0	0	0	1	0	0	6000		23	6000
5	6	4	3	3	1	0	0	0	0	0	0	0	0	1	0	0	0	0	6000		7	6000
18	4	3	4	0	0	0	0	0	0	0	1	0	0	0	0	0	0	0	6000		10	6000
24	4	7	0	1	1	0	0	0	0	1	0	0	2	0	0	0	0	0	6000		2	6000
17	2	4	0	2	1	0	1	0	0	0	1	1	0	0	0	0	0	0	6000		1	6000
20	4	4	1	1	0	0	1	0	0	0	0	0	0	0	0	0	0	0	6000		8	6000
5	5	1	0	1	0	0	0	1	0	1	0	0	0	0	0	0	0	0	6000		0	6000
36	8	1	4	0	2	0	0	0	0	0	0	0	0	0	0	2	0	0	6000		3	6000
13	6	1	5	0	0	2	0	0	0	0	0	1	0	0	0	0	0	0	6000		13	6000
24	1	1	1	2	0	2	0	0	0	1	0	0	0	0	0	0	0	0	6000		0	6000
4	2	1	1	2	0	0	0	0	0	3	0	1	1	0	0	0	0	0	6000		7	6000
3	4	2	0	1	0	7	0	1	0	0	0	1	0	0	0	0	0	0	6000		2	6000
16	10	5	1	2	0	0	0	0	0	0	0	0	1	0	0	0	0	0	6000		3	6000
8	11	3	1	0	1	0	0	0	2	0	0	0	2	0	0	0	0	0	6000		1	6000
3	0	2	1	1	0	0	0	0	0	0	0	0	0	0	1	0	1	0	6000		4	6000
15	1	3	1	1	1	0	0	2	0	0	0	0	0	0	0	0	0	0	6000		1	6000
8	9	3	1	1	2	0	2	0	0	0	0	0	0	0	0	0	0	0	6000		9	6000
20	2	5	3	3	0	0	0	0	0	0	0	0	0	0	0	0	0	0	6000		3	6000
9	2	0	1	1	1	0	1	0	0	0	0	1	0	0	0	0	0	0	6000		11	6000
25	0	1	7	1	0	1	2	0	0	0	0	0	0	0	0	0	0	0	6000		4	6000
1	2	0	4	0	3	0	0	0	1	0	1	0	0	0	1	0	0	0	6000		8	6000
9	0	4	2	0	1	0	0	3	0	0	0	0	0	0	0	0	1	0	6000		9	6000
7	6	2	1	0	3	0	1	0	0	0	0	0	0	0	0	0	0	0	6000		3	6000
26	7	0	1	2	0	0	0	0	0	0	0	0	0	0	1	1	0	1	6000		10	6000
21	16	2	0	0	0	0	0	1	0	0	0	0	0	0	0	1	0	0	6000		25	6000
6	11	0	3	0	2	2	0	0	1	0	0	0	0	0	0	0	0	0	6000		2	6000
16	3	3	0	0	2	1	2	2	0	0	0	1	0	0	0	0	0	0	6000		3	6000
3	0	4	9	0	1	0	0	1	1	0	0	0	0	0	1	0	0	0	6000		0	6000
16	10	0	0	0	0	0	0	0	0	0	1	0	0	0	0	1	0	0	6000		5	6000
23	9	5	0	1	0	1	0	1	0	0	0	1	0	0	0	0	0	0	6000		7	6000
2	11	3	0	0	0	0	0	0	0	0	1	1	0	0	0	0	0	0	6000		10	6000
67	9	4	2	0	2	0	1	0	0	1	0	0	0	0	0	0	0	0	6000		2	6000
7	4	1	2	1	3	0	0	0	2	0	0	0	0	0	0	0	0	0	6000		24	6000
8	9	4	2	0	0	1	1	2	0	0	0	0	0	0	0	0	0	0	6000		5	6000
11	3	6	1	4	3	0	1	0	0	0	0	0	0	0	0	0	0	0	6000		16	6000
30	7	1	0	0	0	3	1	0	1	0	0	0	0	0	1	0	0	0	6000		9	6000
15	1	4	2	1	0	1	0	1	0	0	0	0	0	0	0	0	0	0	6000		3	6000
18	3	4	3	0	1	0	0	1	1	0	0	0	0	0	0	1	0	0	6000		5	6000
25	2	4	2	2	2	0	0	2	0	1	1	1	1	0	0	0	0	0	6000		7	6000
11	5	1	1	0	0	1	1	0	0	0	0	0	0	0	0	0	0	0	6000		10	6000
13	3	2	2	0	1	0	0	1	0	0	1	0	1	0	0	0	0	0	6000		1	6000
32	13	1	0	1	0	0	1	1	0	0	0	0	0	0	0	0	0	0	6000		8	6000
30	6	1	2	0	4	0	1	1	0	0	2	0	0	0	0	0	0	0	6000		2	6000
14	1	2	6	0	0	0	0	0	0	0	4	0	0	0	0	0	0	0	6000		10	6000
7	4	0	2	0	0	0	0	0	0	0	0	1	0	1	1	0	0	0	6000		0	6000
25	3	1	2	1	1	0	0	0	1	0	0	1	0	0	0	0	0	0	6000		4	6000
10	9	7	2	0	0	0	0	0	0	1	0	0	0	0	0	0	0	0	6000		5	6000
11	10	1	2	1	0	1	1	0	0	1	0	0	1	0	0	0	0	0	6000		3	6000
8	3	1	0	1	0	1	1	0	0	0	0	0	0	0	0	0	0	0	6000		10	6000
41	4	2	2	1	0	1	0	0	0	0	0	0	0	0	0	0	0	1	6000		1	6000
36	6	6	1	0	1	1	1	0	0	0	0	0	0	0	0	0	0	0	6000		8	6000
6	5	1	1	0	0	2	1	2	1	0	0	0	0	0	0	0	1	0	6000		5	6000
15	1	1	2	1	0	0	0	1	0	1	0	0	0	0	0	0	0	0	6000		2	6000
13	8	5	0	1	0	0	0	0	0	0	0	0	0	0	0	0	0	1	6000		6	6000
1	7	1	1	0	2	1	1	0	0	1	1	0	0	1	0	0	0	0	6000		9	6000
15	3	7	1	0	0	0	0	2	0	0	2	0	1	0	0	0	0	0	6000		9	6000
20	4	3	1	0	0	0	0	0	0	1	0	0	0	0	0	0	0	0	6000		6	6000
9	2	1	2	0	0	0	1	1	0	0	0	0	0	1	0	0	0	0	6000		7	6000
7	0	4	0	0	1	0	0	0	0	0	0	0	0	0	0	0	0	0	6000		3	6000
12	5	2	1	3	5	0	0	0	1	1	1	0	1	0	0	0	0	1	6000		14	6000
1	2	8	1	1	0	1	1	0	1	0	0	0	0	0	0	0	0	0	6000		13	6000
8	0	7	4	1	1	0	0	0	1	0	0	0	0	0	1	0	0	1	6000		3	6000
36	2	0	0	0	0	0	1	0	2	0	1	0	0	0	0	1	1	0	6000		12	6000
15	3	1	1	5	2	0	0	1	0	0	0	0	0	0	0	0	1	0	6000		0	6000
3	0	2	0	1	2	0	0	0	0	1	0	0	0	0	0	0	0	0	6000		0	6000
10	4	2	5	1	1	0	0	2	0	0	0	0	0	0	0	0	0	0	6000		6	6000
14	10	1	0	0	0	1	1	0	0	0	0	0	0	0	1	0	0	0	6000		8	6000
14	3	3	2	2	0	0	0	0	0	0	0	0	0	0	0	0	0	0	6000		11	6000
7	9	2	1	2	2	0	0	0	0	0	0	0	1	0	0	0	2	0	6000		18	6000
23	3	4	4	0	0	1	0	0	0	0	0	0	0	0	1	0	0	0	6000		7	6000
4	10	1	0	1	0	0	0	0	0	0	0	0	0	0	0	0	0	0	6000		13	6000
