# Model: A
#     eps_an        eps_cont      lambda        theta_bar     a        
#    0.00e+00      0.00e+00       0.05000       0.01000       2.00000  
#      S_bar          b             S_max    
#    -40.00000       0.50000       1.00000  
#     r  2          r  3          r  4          r  5          r  6          r  7          r  8          r  9          r 10          r 11          r 12          r 13          r 14          r 15          r 16          r 17          r 18          r 19          r 20     
#     1.00000       1.00000       1.00000       1.00000       1.00000       1.00000       1.00000       1.00000       1.00000       1.00000       1.00000       1.00000       1.00000       1.00000       1.00000       1.00000       1.00000       1.00000       1.00000  

500 500 20

3	16	7	10	0	0	1	1	1	2	3	0	2	2	4	0	0	1	1	2000		121	2000
5	5	5	6	8	5	0	4	2	0	1	3	1	4	2	7	0	1	1	2000		236	2000
2	8	4	12	0	5	0	1	0	4	1	7	1	0	0	0	0	0	1	2000		118	2000
17	12	1	9	1	2	0	0	1	0	3	0	0	2	1	1	0	0	0	2000		158	2000
32	8	13	7	4	1	3	1	1	0	5	0	0	1	1	0	0	1	0	2000		68	2000
11	19	11	7	5	9	0	2	7	3	2	3	1	10	3	3	0	0	2	2000		57	2000
21	6	2	5	6	7	4	1	1	0	2	1	2	3	0	1	1	4	1	2000		41	2000
14	1	27	1	1	2	1	1	7	0	2	5	0	0	1	0	0	2	1	2000		96	2000
23	10	1	6	9	3	0	1	0	0	1	1	2	3	7	0	2	2	3	2000		16	2000
5	34	3	2	2	6	6	3	2	2	1	6	6	0	1	2	0	1	2	2000		83	2000
11	19	1	2	1	1	6	3	2	3	3	0	2	6	0	0	0	1	2	2000		151	2000
17	7	7	3	2	7	3	0	1	1	2	1	1	9	0	1	0	0	1	2000		8	2000
16	5	6	7	3	3	2	1	4	2	0	0	6	5	0	3	3	0	0	2000		86	2000
9	15	9	8	6	0	4	2	0	0	0	2	2	2	1	4	1	0	0	2000		83	2000
23	2	7	2	6	4	0	8	3	3	8	0	5	7	1	1	1	1	0	2000		47	2000
13	3	3	9	3	1	0	2	2	0	1	3	0	5	1	0	0	3	2	2000		45	2000
10	10	11	1	8	3	0	4	0	5	2	0	0	1	3	1	1	3	5	2000		102	2000
49	7	13	25	3	1	2	1	7	0	1	0	0	0	4	1	0	7	0	2000		97	2000
20	6	1	4	12	2	2	3	0	1	0	0	1	1	5	5	3	0	2	2000		79	2000
7	9	12	5	4	2	0	0	8	3	2	3	1	5	1	1	0	0	0	2000		146	2000
9	3	0	7	6	7	6	1	1	1	2	0	4	7	1	3	1	2	5	2000		158	2000
19	1	2	6	5	4	3	5	1	0	1	0	0	0	1	1	0	1	1	2000		108	2000
11	17	8	6	1	0	7	5	0	4	0	1	1	5	3	1	2	2	1	2000		127	2000
44	4	11	7	1	5	1	1	9	0	1	2	3	4	4	0	0	2	0	2000		26	2000
19	5	18	2	4	1	1	0	3	2	2	0	1	0	0	2	3	0	0	2000		228	2000
18	6	12	0	3	4	2	2	7	0	0	3	1	3	0	0	0	4	3	2000		90	2000
2	14	2	7	2	6	5	3	5	2	1	1	0	1	3	1	2	1	0	2000		141	2000
7	21	7	1	3	0	1	3	1	3	1	0	1	2	2	1	0	1	0	2000		44	2000
24	6	11	2	3	1	3	1	6	0	1	0	4	1	2	0	4	1	0	2000		85	2000
13	5	8	6	6	1	3	2	0	2	1	1	1	1	0	3	0	5	0	2000		104	2000
9	21	2	3	1	1	5	2	1	3	4	2	2	0	0	0	2	0	0	2000		148	2000
9	20	2	3	2	3	0	3	2	1	0	1	0	0	1	0	0	1	1	2000		62	2000
3	12	6	14	3	8	7	0	1	0	4	0	1	3	1	3	4	2	0	2000		28	2000
30	4	4	3	3	2	5	1	2	0	5	2	3	1	5	1	0	0	0	2000		135	2000
14	1	5	1	1	4	0	2	7	4	4	6	1	0	2	0	1	4	1	2000		65	2000
9	3	11	8	5	0	1	0	2	5	5	1	0	2	1	0	1	1	0	2000		226	2000
36	7	1	1	0	3	2	3	1	2	1	6	0	0	0	0	1	0	1	2000		70	2000
22	10	6	12	2	4	3	1	0	0	0	5	7	1	5	0	0	0	1	2000		38	2000
21	2	17	11	6	2	3	0	2	3	1	0	1	5	0	0	0	0	1	2000		104	2000
47	3	2	3	8	1	0	0	2	0	3	1	1	0	2	2	0	0	1	2000		182	2000
31	12	7	1	9	9	2	5	1	0	7	0	0	0	0	1	0	2	1	2000		82	2000
31	13	15	2	0	1	2	0	1	2	0	2	0	2	1	0	0	1	2	2000		130	2000
23	6	2	1	4	3	0	2	0	0	3	1	2	3	2	1	1	0	1	2000		83	2000
31	4	17	1	8	5	4	5	2	2	7	1	0	1	3	0	0	1	0	2000		52	2000
15	6	12	7	3	1	0	2	4	0	7	11	3	0	2	0	0	1	2	2000		103	2000
27	0	15	0	6	2	3	0	5	0	1	0	0	1	0	0	1	1	0	2000		119	2000
26	1	25	3	2	2	4	2	6	2	1	0	0	4	1	0	0	1	1	2000		245	2000
14	31	6	4	1	0	0	5	3	5	1	0	0	1	3	1	1	0	0	2000		128	2000
21	12	3	4	6	0	1	1	4	0	1	1	1	0	0	1	2	0	0	2000		51	2000
9	2	18	7	6	7	4	0	1	2	0	2	1	0	0	2	4	0	1	2000		116	2000
13	9	7	9	2	1	0	2	4	2	2	0	1	2	3	2	0	0	0	2000		49	2000
46	13	12	2	1	4	1	2	0	2	0	0	5	0	4	1	2	2	0	2000		47	2000
26	42	9	4	3	2	2	1	1	4	11	3	1	2	1	0	3	4	3	2000		123	2000
5	16	20	1	4	1	1	2	5	0	1	0	6	2	0	1	2	1	0	2000		77	2000
9	10	8	5	10	3	0	3	1	2	3	6	1	2	2	4	0	1	1	2000		93	2000
10	20	7	3	1	0	6	1	0	0	1	2	1	0	0	2	0	1	1	2000		68	2000
6	18	10	2	16	1	4	2	1	0	2	3	1	0	0	0	2	1	1	2000		60	2000
38	9	10	0	5	1	3	0	1	0	1	0	0	0	2	0	0	0	1	2000		103	2000
11	1	3	2	2	0	10	7	1	4	1	3	3	0	2	1	2	0	1	2000		42	2000
3	13	6	5	3	0	3	2	1	1	3	1	0	1	6	1	1	1	1	2000		154	2000
12	6	3	16	2	3	6	2	3	4	1	5	1	1	1	1	4	0	0	2000		12	2000
15	14	1	2	3	2	4	1	1	1	6	0	1	1	1	0	0	6	5	2000		27	2000
10	9	16	3	4	0	3	3	0	3	1	4	2	1	3	1	2	0	0	2000		256	2000
18	2	13	8	2	7	6	1	3	1	9	1	2	1	0	1	3	1	1	2000		108	2000
17	3	5	1	1	3	3	3	2	3	2	5	2	1	1	2	0	0	0	2000		103	2000
16	5	8	8	2	2	3	4	0	0	2	1	3	1	2	2	0	2	1	2000		27	2000
19	19	6	0	2	1	1	6	2	1	3	2	1	0	1	0	1	0	2	2000		196	2000
9	8	8	5	6	2	0	2	2	3	3	1	0	1	0	0	1	1	0	2000		80	2000
43	15	5	3	11	4	3	4	4	1	0	0	0	4	1	1	4	0	0	2000		99	2000
65	5	12	4	2	7	2	11	3	1	0	1	1	0	2	0	0	1	0	2000		120	2000
30	1	13	4	3	3	0	0	5	7	1	0	1	0	1	3	0	0	1	2000		50	2000
35	4	2	9	10	0	13	3	1	1	1	0	0	1	3	1	3	1	3	2000		179	2000
32	18	18	2	6	1	2	2	3	5	2	0	0	0	3	0	1	3	1	2000		70	2000
3	11	6	5	2	1	3	1	0	2	2	2	0	1	7	0	3	0	0	2000		144	2000
19	2	1	3	3	0	1	6	1	2	0	3	3	1	0	4	1	0	4	2000		127	2000
7	5	15	0	3	2	7	0	3	4	0	1	0	0	2	2	0	1	2	2000		218	2000
27	4	8	7	2	1	0	4	2	2	0	6	2	2	2	1	1	1	1	2000		38	2000
34	3	0	0	4	3	0	1	1	4	1	3	0	0	4	1	0	1	2	2000		28	2000
17	17	4	1	3	0	4	5	2	1	3	5	0	1	3	1	0	1	2	2000		165	2000
4	8	10	6	2	2	8	3	0	1	0	1	0	0	0	1	4	0	1	2000		129	2000
31	16	15	1	11	6	2	0	0	2	9	1	0	2	4	1	3	0	2	2000		137	2000
15	15	0	0	2	0	3	2	0	0	5	2	4	1	4	1	1	1	1	2000		189	2000
43	10	10	0	8	2	1	8	0	1	1	1	2	1	1	3	1	2	1	2000		98	2000
17	9	9	9	2	8	3	5	8	4	0	0	4	0	0	0	0	0	2	2000		36	2000
36	6	2	9	3	0	0	1	3	5	7	0	0	1	0	3	1	2	0	2000		131	2000
36	24	4	8	3	1	2	2	1	2	1	2	1	3	0	7	0	1	0	2000		113	2000
11	12	7	2	1	6	0	3	0	0	1	5	2	1	1	2	0	1	0	2000		92	2000
12	4	5	7	4	3	0	5	9	0	1	2	0	1	1	1	1	0	0	2000		5	2000
2	8	11	13	5	5	1	4	0	2	1	2	1	0	2	1	1	0	1	2000		73	2000
36	13	6	4	8	8	4	2	1	2	0	1	2	1	1	3	0	0	1	2000		102	2000
19	8	13	6	4	4	1	2	4	1	2	2	2	5	1	2	3	1	0	2000		108	2000
38	21	3	3	6	0	1	3	1	6	0	5	0	2	0	0	0	1	1	2000		68	2000
12	12	11	2	3	1	5	1	3	2	0	0	0	1	1	1	0	0	1	2000		93	2000
15	4	3	2	6	2	7	8	6	1	0	2	1	1	2	1	1	0	0	2000		31	2000
27	9	10	1	0	2	3	0	1	1	1	1	3	1	0	1	0	0	1	2000		41	2000
11	19	5	7	2	12	2	6	6	1	0	1	5	1	3	1	5	0	0	2000		160	2000
2	5	8	4	3	0	1	7	1	2	0	4	1	0	4	2	0	2	0	2000		280	2000
27	4	2	7	3	1	2	3	1	1	1	3	2	2	1	0	0	1	2	2000		28	2000
51	2	2	11	0	2	0	7	4	0	8	3	1	5	2	0	1	0	2	2000		95	2000
15	3	7	2	7	2	3	7	11	1	3	0	0	1	0	2	1	0	0	2000		126	2000
13	3	10	7	3	8	1	0	3	8	1	5	1	0	0	1	0	0	0	2000		135	2000
38	4	0	6	2	7	4	2	1	1	2	1	1	5	1	0	3	1	1	2000		17	2000
41	0	4	0	3	3	1	2	4	0	1	6	4	0	2	2	0	1	0	2000		54	2000
7	10	2	4	6	4	1	0	0	0	0	0	4	1	6	5	3	0	2	2000		67	2000
7	9	1	1	2	5	2	4	0	1	2	1	0	2	1	0	0	2	3	2000		10	2000
19	3	12	12	1	0	1	7	1	5	0	0	0	1	0	0	0	1	2	2000		69	2000
9	6	13	11	5	2	4	1	0	0	4	2	3	1	3	5	0	1	1	2000		77	2000
25	3	4	4	3	2	3	4	4	4	2	0	3	1	0	5	2	1	0	2000		43	2000
24	13	5	5	1	3	4	0	3	6	0	1	1	0	2	0	0	2	5	2000		142	2000
31	11	5	1	2	4	6	3	6	0	3	2	0	1	0	0	0	1	1	2000		433	2000
7	23	13	7	5	2	10	3	3	3	0	1	0	6	2	0	1	1	0	2000		66	2000
35	16	10	13	10	2	0	2	1	0	0	3	0	2	5	1	0	0	1	2000		71	2000
17	23	1	2	6	3	2	3	3	5	7	1	0	2	2	2	0	0	1	2000		66	2000
10	0	10	3	9	5	0	1	0	0	4	6	1	0	3	1	0	0	2	2000		291	2000
26	25	5	9	4	5	9	1	5	3	4	1	1	1	3	0	2	0	0	2000		112	2000
38	6	9	9	1	1	4	1	1	3	1	2	1	0	0	1	1	0	5	2000		51	2000
8	5	2	2	3	7	7	1	2	0	5	1	1	1	1	2	0	1	0	2000		36	2000
8	11	10	8	2	8	0	5	2	1	2	3	1	4	0	0	5	0	1	2000		121	2000
8	17	1	2	5	2	3	5	0	0	4	1	3	0	2	1	2	1	1	2000		87	2000
9	7	5	3	1	4	5	5	4	3	1	1	1	4	0	1	5	2	0	2000		110	2000
40	10	12	9	1	2	6	3	1	2	2	0	1	1	2	4	2	0	0	2000		41	2000
9	33	5	4	6	2	2	2	4	4	0	0	7	1	1	2	0	1	0	2000		16	2000
13	14	1	1	1	2	1	1	2	0	8	4	0	3	0	1	1	0	2	2000		143	2000
17	18	15	2	0	7	3	2	0	0	1	0	1	0	0	2	2	0	2	2000		40	2000
45	3	6	5	0	6	0	1	2	1	1	3	0	2	2	2	0	0	0	2000		130	2000
9	18	2	0	4	3	1	6	1	3	1	3	1	3	1	1	2	0	3	2000		90	2000
5	5	8	13	3	11	1	1	3	1	2	0	2	2	1	2	0	0	1	2000		79	2000
17	5	10	7	4	2	4	5	2	1	2	3	0	6	1	2	1	2	1	2000		83	2000
8	16	13	1	2	2	5	2	2	2	1	0	5	3	0	2	2	0	1	2000		71	2000
10	3	0	7	1	4	4	0	1	2	0	4	2	1	0	1	1	2	0	2000		86	2000
0	25	6	4	6	9	3	11	0	0	1	1	0	1	6	1	1	2	1	2000		178	2000
26	6	7	3	4	2	1	0	2	0	3	1	1	0	2	1	0	0	1	2000		94	2000
6	16	17	4	1	11	6	2	5	1	5	4	0	0	1	2	2	0	0	2000		39	2000
25	6	5	5	2	6	1	8	1	5	0	1	1	0	3	0	0	0	4	2000		141	2000
21	18	31	9	5	2	6	2	10	1	1	2	4	2	0	0	0	1	0	2000		85	2000
42	2	11	1	1	2	6	2	7	4	1	0	4	5	0	1	0	7	0	2000		111	2000
20	3	6	4	2	0	3	5	4	6	2	3	1	0	0	2	0	0	0	2000		257	2000
9	9	0	1	0	3	11	3	2	2	0	0	4	3	2	2	0	0	0	2000		143	2000
8	4	0	9	6	0	0	11	4	1	0	0	2	1	2	0	2	1	3	2000		29	2000
32	7	14	12	9	1	1	1	2	0	2	5	3	0	0	1	4	2	1	2000		196	2000
4	6	7	0	3	1	2	0	1	1	4	3	0	0	0	0	0	0	1	2000		28	2000
9	3	6	2	8	7	2	0	2	1	0	2	2	3	2	2	3	2	0	2000		135	2000
0	1	3	8	0	2	1	2	1	8	2	0	0	1	1	3	2	0	0	2000		47	2000
20	30	5	3	3	3	3	2	0	1	1	0	1	1	2	0	0	0	1	2000		62	2000
31	16	3	2	6	2	1	1	3	2	1	1	1	1	6	1	1	1	6	2000		51	2000
7	7	14	0	22	0	2	1	4	3	6	8	0	2	0	1	2	1	1	2000		31	2000
28	6	3	0	1	0	0	2	8	1	1	6	3	0	2	0	5	3	2	2000		53	2000
8	17	10	14	7	0	1	0	3	2	0	1	0	9	0	0	0	2	2	2000		48	2000
7	1	19	9	0	5	1	0	0	0	2	1	2	2	3	0	1	1	0	2000		77	2000
31	8	1	2	4	2	1	3	5	0	4	1	1	0	0	1	5	2	2	2000		126	2000
29	29	0	1	5	7	4	2	7	8	1	3	3	1	1	1	2	0	0	2000		111	2000
37	9	3	5	8	2	6	0	2	3	2	0	3	2	0	2	0	1	0	2000		37	2000
12	9	15	8	0	1	4	3	5	0	3	4	2	0	1	2	1	2	0	2000		126	2000
39	11	9	3	0	4	4	2	2	3	2	3	3	0	4	1	1	2	0	2000		47	2000
5	7	5	3	2	1	2	0	4	1	2	0	0	2	3	1	0	1	2	2000		60	2000
22	12	0	5	3	0	1	2	2	2	0	6	3	3	1	2	1	1	1	2000		141	2000
21	1	2	10	5	0	0	1	0	2	2	1	0	0	0	1	2	0	0	2000		56	2000
22	10	12	6	11	4	0	2	2	1	2	8	2	0	1	5	2	4	3	2000		15	2000
15	17	8	5	2	5	0	1	1	0	1	5	1	3	1	0	2	0	0	2000		179	2000
2	11	5	12	5	11	4	2	6	1	1	1	1	2	2	2	2	0	0	2000		88	2000
31	6	3	7	3	1	5	6	0	1	1	2	0	2	0	0	2	3	0	2000		2	2000
21	22	13	6	6	3	3	3	2	4	1	1	2	3	1	0	3	0	1	2000		73	2000
21	2	6	4	7	4	3	2	3	1	6	0	2	0	3	0	0	0	0	2000		80	2000
5	21	2	6	12	1	1	1	2	2	8	1	0	2	0	0	1	1	1	2000		14	2000
30	30	2	4	10	2	2	2	4	2	0	2	4	1	2	5	1	1	1	2000		28	2000
26	5	21	3	3	1	1	2	2	1	0	3	1	0	2	0	1	2	0	2000		42	2000
14	26	2	2	4	1	0	2	1	2	4	0	0	0	1	1	1	3	0	2000		35	2000
9	9	12	0	11	8	5	0	5	3	0	3	2	4	0	1	2	0	0	2000		26	2000
5	24	9	4	17	4	9	0	3	0	0	1	1	0	1	0	1	2	1	2000		33	2000
10	7	5	2	6	1	0	2	5	3	0	2	3	3	0	1	1	1	1	2000		16	2000
36	7	3	0	0	11	3	1	0	4	0	1	0	2	2	2	2	1	6	2000		32	2000
11	7	12	0	4	3	0	2	1	3	1	2	1	3	1	3	0	0	0	2000		71	2000
39	1	1	6	1	2	4	3	6	3	3	3	2	1	2	0	0	0	2	2000		10	2000
42	6	8	0	6	4	15	4	8	2	2	4	1	1	1	0	1	2	2	2000		91	2000
20	2	1	6	2	5	8	1	0	0	2	4	1	1	0	1	0	0	2	2000		73	2000
40	16	11	14	2	2	2	1	0	2	3	2	5	0	0	0	0	0	0	2000		50	2000
8	19	5	5	13	2	1	0	3	1	2	3	1	1	1	0	1	1	0	2000		154	2000
18	11	13	2	6	7	4	5	1	3	0	1	0	1	0	2	2	2	1	2000		27	2000
30	12	8	1	11	1	1	2	4	1	0	1	2	4	0	0	0	3	0	2000		108	2000
5	3	7	1	8	1	3	3	6	0	7	3	2	2	2	0	2	1	0	2000		18	2000
10	1	5	5	3	0	3	0	0	0	0	1	0	0	1	1	0	1	2	2000		29	2000
20	1	0	7	8	2	4	4	1	2	4	1	0	0	1	0	2	2	0	2000		55	2000
16	7	8	5	3	1	3	6	2	1	4	3	1	6	4	1	0	2	1	2000		138	2000
55	2	2	21	1	2	2	5	0	3	1	4	2	2	0	0	2	1	5	2000		4	2000
14	3	3	1	1	7	7	1	3	0	2	0	0	0	2	3	4	0	1	2000		78	2000
4	2	7	2	13	4	2	1	2	0	2	1	4	0	2	1	0	1	1	2000		89	2000
18	5	7	3	7	0	5	4	3	0	2	1	1	0	1	0	1	2	0	2000		22	2000
8	20	1	8	8	1	1	2	1	1	4	4	3	0	4	0	1	1	0	2000		52	2000
8	16	2	10	5	1	5	4	0	0	0	5	3	1	4	0	2	1	0	2000		178	2000
21	15	6	2	4	3	0	4	2	1	5	2	2	3	0	7	6	1	0	2000		259	2000
25	18	9	3	1	5	0	0	6	1	7	3	2	0	1	1	3	4	0	2000		204	2000
24	14	1	7	1	1	3	2	3	2	3	0	1	2	2	0	0	0	1	2000		51	2000
14	9	4	2	2	1	5	1	0	1	0	3	0	1	1	3	1	0	0	2000		57	2000
17	10	2	10	3	1	4	3	2	5	0	3	0	1	0	4	0	2	1	2000		87	2000
25	2	5	15	2	2	1	2	1	3	3	0	1	0	0	0	0	4	1	2000		95	2000
15	4	4	4	3	2	1	3	3	2	1	1	1	0	0	0	0	0	1	2000		32	2000
12	6	6	1	3	6	4	1	0	0	0	1	1	0	2	3	0	1	2	2000		167	2000
13	12	3	0	3	1	6	7	1	0	5	1	2	0	0	2	0	3	1	2000		20	2000
55	15	0	4	4	0	0	2	2	6	0	0	0	3	4	0	1	1	0	2000		79	2000
26	4	8	7	1	2	0	0	3	1	2	4	0	1	2	0	5	0	2	2000		161	2000
25	14	3	5	1	3	4	4	0	1	1	0	2	1	2	1	1	1	2	2000		62	2000
3	9	5	6	10	2	1	7	2	5	1	0	1	5	3	0	1	3	0	2000		156	2000
19	14	3	21	10	2	3	1	3	0	2	1	1	1	0	1	1	1	2	2000		32	2000
19	9	0	9	1	2	0	5	4	0	7	0	0	1	0	1	0	4	0	2000		212	2000
5	8	3	3	0	2	1	2	6	1	0	1	1	0	1	1	3	2	0	2000		62	2000
52	11	10	5	3	1	0	4	6	0	0	1	4	0	1	2	5	2	5	2000		48	2000
12	31	2	7	1	0	5	3	1	3	1	0	0	1	0	0	1	0	1	2000		159	2000
10	21	7	7	1	3	0	4	1	1	1	3	2	0	0	1	0	1	0	2000		112	2000
10	13	2	0	2	0	1	0	3	2	0	0	1	0	1	1	0	1	2	2000		81	2000
2	32	10	2	2	5	2	4	2	2	4	0	5	1	1	2	1	1	0	2000		146	2000
12	21	15	3	2	1	3	10	1	4	0	2	2	2	0	3	1	0	0	2000		162	2000
9	7	5	7	7	2	4	3	2	2	2	3	2	1	0	0	1	1	0	2000		232	2000
28	14	6	0	2	0	1	0	4	3	1	2	2	0	0	3	2	0	2	2000		208	2000
21	11	6	1	2	2	2	4	4	3	1	1	6	1	5	0	0	2	2	2000		83	2000
21	12	0	0	6	8	2	4	3	1	0	0	0	3	1	1	1	0	2	2000		15	2000
14	4	9	3	3	2	5	1	7	3	0	0	3	0	1	0	0	4	2	2000		32	2000
9	12	11	4	0	4	5	3	0	1	6	3	1	2	2	2	0	0	0	2000		156	2000
4	10	1	6	2	4	6	0	0	2	2	6	0	4	2	0	0	0	1	2000		157	2000
13	3	8	8	6	2	3	3	2	0	4	0	1	0	2	3	1	1	1	2000		150	2000
10	4	8	13	5	3	2	0	2	0	1	1	2	2	4	3	3	1	1	2000		68	2000
20	15	2	6	2	2	4	0	3	6	0	0	0	2	0	0	0	1	2	2000		123	2000
11	11	33	0	2	1	2	1	1	1	0	0	2	1	2	0	4	0	2	2000		120	2000
37	6	3	9	7	0	0	5	1	0	2	0	0	1	4	0	0	0	0	2000		61	2000
26	8	2	4	2	1	3	1	1	1	5	1	1	0	1	2	3	0	2	2000		216	2000
21	22	5	6	0	3	1	2	2	1	1	2	0	1	2	1	0	5	0	2000		22	2000
16	10	1	9	2	3	9	4	1	2	0	2	2	4	1	0	2	0	4	2000		24	2000
3	6	5	8	0	3	0	0	5	0	3	2	0	4	5	0	2	1	1	2000		164	2000
16	26	19	3	8	0	1	1	1	7	1	0	2	0	2	1	0	1	0	2000		57	2000
8	5	2	5	6	5	0	9	3	3	1	4	0	5	0	1	0	0	1	2000		214	2000
32	2	4	9	9	1	9	1	0	0	4	2	2	2	0	2	7	2	0	2000		75	2000
29	14	11	1	2	4	1	2	1	2	2	1	0	0	1	0	1	1	1	2000		68	2000
6	8	26	10	0	7	3	1	6	0	0	2	2	2	5	0	0	0	3	2000		171	2000
11	34	1	5	2	9	3	0	10	2	0	0	2	0	0	0	0	1	0	2000		47	2000
48	33	5	3	2	2	6	5	5	3	1	1	0	1	2	1	1	0	4	2000		94	2000
81	9	9	1	12	0	3	9	4	2	0	1	0	2	1	0	2	0	1	2000		22	2000
18	23	9	7	2	2	1	1	0	4	1	1	0	1	1	1	1	2	0	2000		42	2000
6	8	16	9	2	1	3	1	9	0	6	4	1	5	3	0	1	1	4	2000		217	2000
11	29	4	4	3	2	2	1	2	4	1	4	2	0	4	1	1	1	2	2000		66	2000
12	4	7	6	4	2	6	3	8	3	0	1	2	2	1	3	0	1	0	2000		108	2000
36	4	2	9	3	1	6	0	2	1	3	7	2	2	1	3	3	3	0	2000		103	2000
15	1	12	3	2	7	7	3	7	0	1	2	3	0	1	4	0	0	0	2000		34	2000
26	27	4	2	1	5	5	1	1	0	3	3	4	0	0	3	1	2	2	2000		123	2000
3	15	5	5	3	3	5	2	2	1	1	2	3	1	0	0	0	0	0	2000		113	2000
18	2	2	3	5	2	0	1	2	1	2	0	0	9	3	3	0	2	2	2000		92	2000
34	11	4	4	5	0	0	0	1	0	3	0	0	1	2	2	2	4	1	2000		66	2000
47	19	16	1	0	6	4	2	3	1	1	3	2	3	0	0	2	1	0	2000		68	2000
1	1	10	14	5	1	5	4	2	4	0	6	3	0	4	0	1	1	2	2000		253	2000
10	34	4	3	3	2	1	0	4	1	1	3	7	3	0	1	0	0	1	2000		12	2000
6	13	7	9	4	4	5	1	0	3	2	0	0	3	2	4	0	2	0	2000		47	2000
11	5	5	0	2	4	11	2	1	5	0	0	1	0	1	0	2	0	0	2000		86	2000
44	0	10	7	0	2	2	1	1	5	3	2	0	1	2	0	1	3	4	2000		117	2000
28	13	4	6	2	1	2	1	2	3	5	2	0	1	1	0	1	0	0	2000		68	2000
3	26	4	1	3	2	5	3	0	5	0	0	0	3	0	3	2	0	1	2000		89	2000
21	5	3	10	3	5	10	0	1	3	1	2	0	1	0	0	0	0	3	2000		28	2000
12	4	27	15	0	3	9	1	4	1	0	4	0	0	1	0	3	2	0	2000		59	2000
20	6	17	1	9	9	3	5	0	0	1	1	2	1	0	1	0	1	0	2000		65	2000
29	0	4	4	8	3	9	1	2	0	3	1	0	1	0	0	1	0	0	2000		96	2000
5	18	2	7	2	2	2	5	1	2	3	6	1	1	2	0	1	1	3	2000		35	2000
18	0	2	9	3	2	1	0	3	0	2	0	3	0	0	0	2	0	2	2000		141	2000
7	18	4	6	15	6	6	2	7	4	1	0	1	3	0	0	1	0	0	2000		170	2000
21	7	7	6	5	2	1	2	5	9	3	1	0	3	0	0	0	1	4	2000		137	2000
23	25	4	14	4	6	2	3	2	1	4	2	0	0	0	4	0	1	1	2000		183	2000
19	2	1	8	3	0	6	3	1	0	2	0	0	0	2	2	1	0	0	2000		176	2000
18	9	3	2	1	1	3	1	0	1	0	1	0	1	5	1	0	0	6	2000		115	2000
52	12	0	8	1	4	2	1	0	3	0	1	1	4	0	7	4	2	1	2000		22	2000
16	9	13	13	3	3	0	2	3	0	1	4	1	3	0	0	5	0	0	2000		103	2000
37	10	3	7	9	1	7	4	2	2	0	1	1	5	5	3	0	0	1	2000		143	2000
40	8	3	6	1	10	1	3	1	3	1	2	3	7	1	2	3	0	0	2000		94	2000
11	11	15	1	4	1	1	1	8	3	2	2	1	4	4	1	1	0	0	2000		133	2000
4	30	8	4	8	3	2	3	2	2	1	0	0	1	1	1	1	2	1	2000		142	2000
1	8	3	0	4	10	2	0	3	3	2	1	3	2	0	1	1	0	0	2000		68	2000
18	13	4	2	4	7	1	1	3	3	2	1	2	4	1	0	0	0	0	2000		19	2000
7	14	9	1	1	1	1	4	4	2	5	0	0	1	1	0	0	4	0	2000		249	2000
10	4	7	2	2	8	0	1	2	5	2	4	0	3	0	3	1	1	0	2000		129	2000
5	10	5	3	4	0	2	5	4	0	3	2	0	0	2	0	0	2	6	2000		44	2000
12	6	11	3	4	4	4	0	1	0	2	0	1	2	5	0	3	2	0	2000		30	2000
29	4	16	2	7	2	0	6	2	0	3	3	4	2	0	0	0	3	1	2000		122	2000
13	12	11	8	4	3	4	1	1	3	0	2	1	1	0	0	5	1	2	2000		101	2000
53	0	15	0	3	2	4	2	4	4	0	2	2	1	1	1	2	2	3	2000		18	2000
28	2	4	1	7	7	2	1	2	4	1	1	0	3	2	0	2	1	0	2000		90	2000
18	13	2	12	0	1	0	4	1	1	2	11	2	4	0	0	1	0	2	2000		31	2000
27	7	2	2	5	0	10	1	0	0	0	6	0	2	0	0	1	0	0	2000		27	2000
4	14	4	5	4	9	0	5	2	2	5	1	1	4	1	3	1	3	1	2000		57	2000
18	13	20	5	1	8	1	7	0	6	3	2	0	4	1	0	0	3	1	2000		123	2000
26	3	3	9	2	2	4	3	0	3	4	5	1	0	2	1	3	0	0	2000		56	2000
9	14	5	2	4	2	6	1	1	0	0	1	5	2	0	0	0	0	0	2000		95	2000
10	3	0	4	1	9	4	0	3	1	2	0	0	1	0	0	1	0	0	2000		36	2000
33	6	6	4	5	4	3	2	2	6	6	4	1	1	0	2	0	1	2	2000		151	2000
24	14	14	5	3	1	0	3	1	2	2	1	1	0	2	0	0	0	0	2000		64	2000
48	10	4	5	0	3	2	4	3	3	1	8	1	1	0	1	5	0	0	2000		148	2000
7	20	11	2	7	3	4	5	4	2	0	0	1	1	1	2	2	0	0	2000		43	2000
17	6	3	1	6	6	1	0	8	2	0	3	1	0	2	2	0	0	2	2000		16	2000
58	7	11	5	2	3	3	0	4	4	1	1	1	0	4	0	0	1	0	2000		106	2000
6	3	2	7	14	3	8	0	0	1	2	3	2	1	0	0	0	2	1	2000		224	2000
15	27	5	1	4	10	5	0	4	1	5	2	0	0	1	0	0	1	4	2000		7	2000
5	11	1	0	5	6	0	3	1	1	2	2	0	7	1	1	2	0	1	2000		62	2000
44	5	4	4	3	1	1	2	1	5	0	0	1	0	1	1	1	1	1	2000		15	2000
13	6	9	4	0	7	3	0	2	2	3	1	3	0	2	1	3	2	2	2000		196	2000
46	12	6	3	0	0	6	8	0	2	1	2	1	1	2	3	1	0	2	2000		55	2000
22	11	10	4	0	2	6	7	3	2	0	2	6	0	1	0	1	2	2	2000		55	2000
29	14	5	2	2	4	1	0	0	2	2	2	0	1	0	1	1	2	0	2000		330	2000
3	17	2	3	4	2	2	5	3	9	3	3	1	1	0	1	1	1	0	2000		168	2000
11	7	4	19	2	4	3	3	3	2	5	1	1	2	1	0	0	2	2	2000		98	2000
7	3	1	0	3	7	3	1	3	3	2	1	2	3	1	0	0	0	5	2000		136	2000
7	11	16	1	5	3	4	2	0	1	3	0	1	2	0	1	0	0	2	2000		71	2000
24	5	12	19	4	2	10	4	1	4	0	2	7	1	0	1	2	0	1	2000		372	2000
30	8	10	3	1	4	0	4	0	8	1	4	0	1	0	1	1	0	0	2000		110	2000
11	7	12	6	2	5	1	2	6	5	4	0	3	1	1	0	0	0	1	2000		64	2000
44	11	17	7	5	2	0	4	2	1	0	2	4	1	0	1	1	1	2	2000		137	2000
12	5	12	26	4	1	2	0	2	0	4	4	2	3	2	2	2	0	0	2000		150	2000
16	15	7	6	8	7	0	5	2	2	0	2	1	3	1	1	1	0	2	2000		133	2000
21	38	18	3	4	5	0	2	0	0	2	1	0	2	1	0	5	0	0	2000		177	2000
9	10	26	15	1	2	0	5	0	3	1	1	0	0	1	0	1	0	0	2000		112	2000
18	7	0	13	3	6	2	3	2	3	4	1	4	1	1	0	1	2	0	2000		78	2000
8	6	5	9	1	4	6	3	3	0	2	3	2	0	1	0	0	0	0	2000		359	2000
23	1	3	5	2	0	6	7	1	6	0	9	1	6	0	2	0	5	0	2000		50	2000
44	8	3	5	3	0	0	1	1	1	1	1	0	2	6	0	1	4	2	2000		180	2000
12	7	3	7	1	6	5	3	4	2	0	4	3	1	1	0	0	0	0	2000		84	2000
8	4	3	0	1	2	4	1	5	2	1	1	0	0	0	1	0	0	8	2000		50	2000
8	7	2	8	1	2	4	2	4	0	2	1	0	1	0	0	0	3	2	2000		95	2000
31	2	2	2	1	8	1	3	1	0	0	0	2	1	1	1	0	4	1	2000		176	2000
23	7	26	1	1	7	0	1	2	5	6	0	0	0	0	1	0	2	0	2000		109	2000
22	10	7	1	10	3	12	1	2	0	6	0	1	4	3	0	2	2	1	2000		112	2000
11	46	4	4	1	1	1	1	3	3	1	3	5	2	1	2	0	1	0	2000		219	2000
32	7	4	3	2	10	2	0	0	1	4	0	2	0	1	3	1	1	0	2000		28	2000
43	8	7	13	3	4	2	2	1	6	0	0	2	1	0	1	0	1	0	2000		32	2000
8	30	19	3	3	6	0	4	0	1	1	2	0	0	0	0	0	2	2	2000		151	2000
35	7	5	7	1	5	0	1	2	1	6	0	4	1	0	1	0	1	3	2000		182	2000
23	16	0	0	1	0	8	0	1	0	1	0	3	0	1	1	4	0	0	2000		75	2000
9	19	8	4	5	0	5	4	3	4	7	1	2	4	2	2	1	2	2	2000		64	2000
29	20	4	3	2	8	5	5	1	0	1	0	0	0	0	0	1	2	0	2000		148	2000
10	13	3	6	1	2	3	3	0	2	0	0	4	0	3	1	0	3	2	2000		34	2000
10	20	5	7	5	4	3	7	3	4	7	0	0	1	1	0	0	0	2	2000		45	2000
22	2	5	0	3	11	2	1	0	11	1	2	1	0	0	4	1	2	0	2000		55	2000
32	7	0	2	2	1	1	2	0	4	3	0	3	3	1	3	0	1	0	2000		10	2000
44	2	4	9	1	3	10	6	8	9	0	6	4	4	0	3	1	1	4	2000		71	2000
2	9	7	2	4	12	0	3	1	3	3	0	2	2	0	2	1	0	2	2000		104	2000
20	7	6	2	6	0	2	0	3	1	0	0	3	1	4	4	3	2	2	2000		153	2000
25	3	20	6	4	1	8	3	0	0	1	1	4	3	2	0	0	5	0	2000		239	2000
36	10	16	4	2	1	3	3	3	1	1	0	5	0	3	0	1	0	1	2000		104	2000
3	10	4	4	2	6	3	2	0	2	0	0	2	2	0	1	1	0	0	2000		79	2000
13	3	7	3	3	2	1	5	0	0	2	1	3	4	1	0	3	1	0	2000		24	2000
19	14	3	1	0	4	6	2	5	2	3	1	2	0	1	2	1	1	0	2000		65	2000
12	16	5	1	4	11	2	1	1	2	5	0	2	0	0	1	1	0	3	2000		246	2000
7	13	14	5	3	0	3	1	3	3	8	0	2	0	0	6	1	0	0	2000		100	2000
1	10	0	3	1	1	1	1	1	2	2	1	3	0	3	2	1	0	2	2000		47	2000
26	8	12	13	4	1	3	6	0	1	1	1	1	0	0	6	1	1	1	2000		122	2000
3	7	4	1	1	1	2	0	2	2	1	8	1	3	1	0	2	2	1	2000		89	2000
17	5	9	1	0	7	8	3	6	0	3	0	2	1	0	1	0	0	0	2000		84	2000
30	5	6	10	2	1	0	8	7	1	1	0	3	2	0	0	0	1	1	2000		74	2000
10	18	16	4	7	1	0	0	4	2	0	3	0	0	2	0	1	1	0	2000		79	2000
13	3	2	3	1	3	4	5	10	1	0	2	0	0	1	0	0	0	0	2000		61	2000
5	5	13	13	5	1	2	1	0	0	0	1	2	2	2	1	0	5	2	2000		27	2000
30	23	5	7	6	3	1	7	0	5	3	0	1	1	3	0	0	4	2	2000		167	2000
21	0	4	5	0	4	0	8	3	1	1	0	1	2	3	1	1	1	1	2000		7	2000
17	3	3	5	0	3	2	4	0	4	2	2	0	0	1	4	0	0	0	2000		158	2000
27	43	14	17	1	1	5	3	2	0	3	3	0	2	0	1	2	2	3	2000		42	2000
32	10	4	4	5	1	17	6	1	0	2	0	3	1	1	2	2	2	0	2000		358	2000
14	1	9	11	4	0	1	9	6	1	2	2	0	1	2	3	1	0	1	2000		223	2000
74	2	11	1	6	2	3	8	1	0	1	5	1	1	2	1	14	1	0	2000		43	2000
18	5	0	5	0	2	1	3	5	1	6	1	6	2	1	0	1	0	5	2000		132	2000
9	3	6	4	4	2	3	4	1	1	0	1	0	2	1	1	2	1	1	2000		42	2000
6	8	6	4	1	8	3	0	3	2	1	4	4	3	0	4	0	1	2	2000		142	2000
28	26	6	1	2	5	2	7	2	0	1	1	2	5	1	1	2	0	0	2000		37	2000
9	13	10	2	4	2	8	0	0	0	0	2	0	0	0	0	0	1	1	2000		49	2000
31	8	1	3	2	3	1	2	15	2	0	4	1	5	0	0	0	0	1	2000		60	2000
33	22	13	5	7	4	3	7	1	1	0	0	0	5	1	1	0	2	0	2000		100	2000
6	22	5	16	11	3	3	0	3	0	1	0	1	5	0	2	4	0	0	2000		93	2000
24	2	18	3	5	1	7	6	1	2	3	0	1	2	1	3	0	1	0	2000		30	2000
41	8	1	13	7	0	4	2	2	2	1	7	0	1	0	0	0	0	0	2000		56	2000
0	10	20	1	4	6	1	0	3	0	6	2	3	0	3	2	2	0	0	2000		169	2000
2	10	4	10	1	4	9	1	0	2	0	2	1	0	1	0	1	0	5	2000		176	2000
9	7	15	3	4	0	3	0	1	1	1	0	7	2	1	4	1	1	4	2000		64	2000
20	13	7	2	3	1	7	0	1	1	2	0	1	0	4	1	1	1	4	2000		104	2000
24	3	1	10	0	2	3	2	0	1	2	3	0	3	3	0	0	0	1	2000		105	2000
15	14	6	4	4	3	0	1	4	1	1	3	9	4	1	0	0	0	3	2000		133	2000
8	12	5	3	3	1	2	1	1	1	1	8	2	1	1	1	0	0	0	2000		42	2000
15	6	10	8	5	5	4	2	0	2	2	0	4	7	2	4	1	0	0	2000		51	2000
22	8	0	8	14	1	4	2	1	2	1	0	0	0	4	0	2	0	3	2000		188	2000
32	15	1	1	3	5	4	1	0	3	1	4	1	3	2	1	2	1	1	2000		91	2000
44	6	1	8	2	0	2	10	7	4	0	5	4	6	0	0	1	4	0	2000		182	2000
18	11	4	9	6	3	0	0	0	1	0	0	1	0	0	0	1	4	0	2000		44	2000
12	6	8	9	3	0	6	2	13	0	5	0	1	6	1	2	2	2	0	2000		27	2000
39	9	1	7	2	2	9	2	1	2	3	1	4	5	2	4	0	0	0	2000		36	2000
19	22	10	1	2	0	6	2	2	2	6	1	1	0	0	2	0	0	0	2000		118	2000
29	7	6	12	2	3	1	4	3	0	1	0	0	0	0	3	1	1	2	2000		99	2000
10	9	3	8	0	2	0	2	0	4	4	0	0	6	1	0	2	0	1	2000		235	2000
34	10	7	5	2	0	3	3	1	0	5	0	1	1	2	0	0	1	2	2000		162	2000
5	15	5	12	4	0	1	5	1	3	2	0	0	2	0	0	0	2	0	2000		67	2000
10	19	3	7	0	7	4	4	6	1	1	9	1	1	1	0	1	1	0	2000		365	2000
34	3	2	14	1	1	1	4	0	4	5	0	1	2	1	1	3	2	0	2000		71	2000
20	12	0	2	0	2	7	0	0	0	0	0	3	2	3	0	2	3	1	2000		257	2000
15	2	2	7	4	2	2	5	1	0	0	1	3	0	0	1	0	2	1	2000		59	2000
16	14	1	5	2	4	3	2	0	2	1	0	2	0	2	2	0	1	2	2000		70	2000
27	10	2	6	2	3	6	3	1	3	0	0	2	1	1	0	0	0	2	2000		47	2000
7	0	10	12	5	1	10	0	7	4	3	0	3	1	1	1	0	1	2	2000		136	2000
11	8	3	10	9	9	7	1	6	0	5	0	0	0	0	0	2	2	0	2000		236	2000
4	22	7	6	4	1	2	3	1	1	2	5	2	0	3	1	2	0	0	2000		92	2000
4	8	13	2	2	1	0	1	4	4	0	0	0	1	6	2	2	2	0	2000		30	2000
9	12	12	2	10	4	1	1	3	0	3	2	1	2	3	2	2	0	1	2000		143	2000
25	8	3	1	3	4	1	3	1	1	1	1	2	0	1	1	0	1	1	2000		34	2000
25	13	3	1	2	3	1	2	0	2	2	1	2	4	1	3	2	0	3	2000		119	2000
13	24	11	1	0	1	0	0	2	3	9	2	4	5	1	1	0	2	0	2000		37	2000
55	48	9	6	1	0	1	8	5	4	0	1	0	0	3	5	1	4	1	2000		59	2000
28	0	3	3	1	4	1	6	1	1	2	0	5	4	0	1	1	0	1	2000		33	2000
20	10	9	2	1	6	1	1	4	0	0	0	0	1	1	0	2	1	2	2000		66	2000
4	15	10	3	2	3	1	8	1	1	0	3	2	2	2	0	0	0	0	2000		201	2000
4	0	10	2	1	8	7	2	0	3	3	2	2	0	2	3	0	1	3	2000		56	2000
21	16	8	16	2	13	8	3	7	1	1	0	1	2	4	0	2	0	0	2000		92	2000
13	4	6	2	2	0	5	0	0	1	1	2	1	0	0	4	2	0	0	2000		190	2000
12	13	3	7	9	6	1	2	1	2	3	0	2	1	1	0	0	1	0	2000		59	2000
19	2	5	5	0	2	1	11	5	3	5	0	0	2	1	0	1	0	3	2000		144	2000
10	7	7	3	8	6	1	4	1	2	1	2	0	1	0	0	0	0	1	2000		9	2000
8	24	8	7	6	2	1	2	1	4	0	0	1	3	1	0	1	0	2	2000		188	2000
17	21	3	5	6	3	0	3	1	0	1	1	4	0	1	0	2	0	1	2000		53	2000
11	21	9	0	3	5	4	4	5	1	3	4	0	0	1	2	2	0	0	2000		100	2000
4	17	6	4	5	3	3	3	5	1	3	2	1	1	1	1	1	0	1	2000		272	2000
9	1	6	2	1	1	0	8	2	0	0	2	1	3	1	2	0	0	1	2000		76	2000
32	9	6	1	2	2	2	6	4	1	1	0	6	0	1	1	6	1	2	2000		136	2000
10	1	8	5	3	3	13	1	0	4	3	0	5	2	2	0	5	4	1	2000		77	2000
6	19	8	6	7	5	0	2	7	1	1	2	2	0	2	0	0	1	1	2000		20	2000
31	4	14	4	2	1	7	1	4	0	1	1	1	1	1	2	1	2	0	2000		8	2000
19	20	12	5	1	3	3	0	2	2	0	1	6	3	3	6	0	0	0	2000		180	2000
13	18	24	5	4	5	5	1	0	1	5	2	0	0	1	0	1	1	0	2000		86	2000
21	3	3	2	3	3	1	6	6	2	7	0	0	3	0	0	0	1	0	2000		51	2000
6	11	3	9	5	7	0	2	2	0	5	0	6	1	1	2	3	0	1	2000		173	2000
15	18	7	4	2	2	2	0	7	1	1	1	1	1	0	0	0	0	0	2000		79	2000
5	4	11	6	7	1	2	0	1	0	10	0	6	0	1	0	1	0	4	2000		50	2000
18	5	8	4	3	0	5	0	5	2	0	0	0	0	1	2	2	1	1	2000		60	2000
22	13	5	3	4	8	4	1	0	1	3	2	3	3	1	1	5	2	0	2000		86	2000
16	2	1	12	3	7	0	0	2	5	4	7	4	0	0	1	0	2	0	2000		21	2000
6	12	3	11	5	1	2	2	1	4	2	0	0	0	0	2	2	0	0	2000		85	2000
47	8	1	5	6	3	5	3	3	3	1	0	1	0	0	0	2	1	0	2000		124	2000
12	7	6	11	0	2	0	2	5	5	2	1	0	4	0	2	0	0	0	2000		87	2000
3	2	3	1	2	5	5	3	3	1	1	0	0	0	4	0	0	2	0	2000		137	2000
3	7	10	1	3	4	9	0	0	1	4	0	0	0	1	0	0	2	2	2000		183	2000
7	3	10	3	10	2	1	3	4	3	1	2	1	0	1	0	0	2	2	2000		81	2000
6	3	6	3	4	1	3	2	2	0	0	4	4	2	0	0	4	3	0	2000		160	2000
21	6	8	8	4	4	4	2	2	2	1	2	2	2	2	0	0	1	0	2000		226	2000
10	12	0	3	7	6	2	2	5	6	5	0	0	0	1	2	0	0	0	2000		205	2000
18	11	2	10	0	3	0	2	5	3	2	4	4	0	1	0	0	2	0	2000		13	2000
8	16	4	2	1	4	3	1	9	2	0	0	1	1	2	5	1	1	4	2000		77	2000
12	4	8	1	6	5	1	0	5	0	1	0	1	5	5	0	0	3	0	2000		67	2000
2	9	7	5	0	5	2	4	7	2	0	1	1	0	0	5	1	1	0	2000		17	2000
32	21	3	12	9	2	1	3	0	0	2	0	0	4	0	3	3	0	0	2000		150	2000
21	11	5	2	2	4	3	2	1	1	4	3	2	6	0	2	0	2	1	2000		112	2000
25	0	3	2	6	4	6	0	2	0	0	2	1	0	4	5	4	1	0	2000		108	2000
3	5	4	8	2	2	3	1	1	0	2	0	0	0	0	2	0	0	0	2000		56	2000
18	9	4	5	1	2	1	0	3	2	0	2	0	6	1	2	4	3	2	2000		219	2000
22	13	1	1	6	4	1	6	4	4	2	6	1	1	1	0	0	2	0	2000		42	2000
18	4	2	2	4	3	2	5	2	0	4	1	1	0	1	0	0	0	0	2000		38	2000
5	1	4	4	5	4	3	3	1	1	2	0	1	0	3	3	4	3	1	2000		37	2000
13	3	4	1	1	12	2	2	0	1	0	0	1	0	1	5	2	2	1	2000		53	2000
12	20	7	0	4	3	1	2	12	0	3	1	0	1	0	2	1	0	5	2000		69	2000
13	31	4	1	2	2	5	1	3	7	2	0	1	0	0	0	0	5	0	2000		70	2000
13	13	1	8	4	4	1	2	1	5	0	3	6	1	2	1	3	2	1	2000		159	2000
1	0	0	1	8	1	2	3	2	0	2	2	0	2	6	0	0	4	1	2000		90	2000
13	2	16	2	4	4	0	8	2	2	3	0	1	3	0	0	3	1	0	2000		137	2000
37	10	4	3	3	5	2	6	2	1	1	1	0	1	1	3	3	1	1	2000		77	2000
13	11	3	7	2	6	3	1	3	2	1	1	2	1	0	0	0	0	0	2000		123	2000
26	5	9	9	10	1	0	2	3	3	2	0	2	0	0	2	1	0	1	2000		192	2000
19	5	21	5	1	15	1	0	2	4	1	2	0	2	0	1	2	2	3	2000		90	2000
17	6	1	8	3	3	3	6	3	0	2	0	10	0	1	0	0	1	1	2000		131	2000
39	14	6	14	3	0	0	2	0	4	2	2	0	0	0	1	4	2	0	2000		38	2000
35	12	12	5	11	11	2	5	1	3	0	1	1	3	2	1	0	0	0	2000		15	2000
21	7	6	2	2	8	6	3	6	3	3	0	1	1	0	0	1	0	0	2000		103	2000
28	10	10	1	5	6	2	2	9	1	1	0	2	0	0	4	1	0	1	2000		37	2000
6	17	1	1	5	5	1	1	7	1	0	0	0	1	1	0	1	1	1	2000		162	2000
5	26	17	4	3	0	0	4	0	0	5	1	2	0	0	1	0	3	1	2000		205	2000
11	24	13	8	2	2	2	1	1	2	2	2	0	2	1	2	0	0	0	2000		180	2000
11	17	12	5	0	1	0	0	4	4	2	1	3	3	2	3	1	0	0	2000		72	2000
18	14	3	7	8	3	7	5	0	2	1	1	2	1	0	3	1	0	5	2000		62	2000
10	7	5	7	1	1	4	1	0	1	1	0	5	0	0	2	1	2	0	2000		271	2000
37	5	4	2	4	2	6	10	3	5	0	1	3	1	1	1	1	0	0	2000		54	2000
0	8	1	4	4	1	6	4	2	3	2	0	0	2	1	1	1	0	1	2000		68	2000
47	17	7	6	2	1	2	2	0	2	4	4	6	0	2	3	0	0	1	2000		88	2000
12	10	4	8	4	6	11	2	1	1	4	2	1	1	0	0	0	1	1	2000		138	2000
25	9	1	4	3	8	5	4	4	4	4	2	3	2	2	1	0	4	1	2000		107	2000
13	22	2	5	2	3	3	1	1	2	1	2	0	0	0	2	0	1	1	2000		104	2000
17	5	8	3	4	6	0	1	1	0	1	5	0	1	3	1	0	0	1	2000		232	2000
24	10	7	6	1	3	3	6	2	1	3	1	3	1	1	0	1	0	3	2000		104	2000
71	8	5	15	4	6	9	6	0	5	5	0	2	0	0	8	0	0	0	2000		85	2000
13	11	0	4	12	2	2	8	1	4	1	0	2	1	0	0	2	3	0	2000		140	2000
33	6	3	12	3	1	1	4	4	5	0	0	0	1	3	3	4	0	0	2000		112	2000
20	18	6	6	2	3	1	1	5	4	1	1	1	5	1	5	0	4	0	2000		86	2000
58	2	1	9	1	4	1	0	3	1	2	0	0	1	0	0	0	1	0	2000		112	2000
14	6	10	2	14	1	1	15	0	3	3	4	1	1	1	0	1	8	1	2000		3	2000
4	7	14	2	3	0	2	0	3	5	0	0	3	1	1	3	0	0	0	2000		76	2000
0	5	11	2	1	1	1	4	1	2	1	2	0	1	2	3	1	0	0	2000		60	2000
34	17	2	14	9	2	3	4	2	0	2	2	0	2	1	0	2	1	0	2000		174	2000
17	8	10	7	0	3	0	0	3	0	0	4	1	0	5	6	0	4	0	2000		63	2000
6	15	7	5	15	4	3	1	5	2	5	1	3	0	1	2	1	1	0	2000		122	2000
13	1	4	17	3	20	0	5	5	0	1	2	7	1	0	2	1	1	0	2000		20	2000
45	7	2	12	10	15	0	2	3	1	1	4	2	2	0	0	1	1	2	2000		52	2000
7	13	7	5	5	3	3	9	6	3	1	0	0	0	1	0	0	0	0	2000		72	2000
6	3	2	4	2	3	0	5	0	0	0	0	1	0	1	2	3	1	1	2000		15	2000
8	19	4	7	6	5	6	4	2	1	5	1	1	1	3	1	0	3	1	2000		23	2000
12	16	11	1	0	1	1	8	1	1	3	3	2	3	0	0	1	3	1	2000		27	2000
7	16	10	2	6	8	5	0	0	1	3	1	1	0	2	0	1	0	0	2000		77	2000
20	20	7	10	3	7	1	0	1	3	2	1	0	2	3	2	1	3	1	2000		87	2000

10	2	0	0	0	1	3	1	0	1	0	0	0	1	0	0	1	1	0	6000		38	6000
13	5	12	1	7	1	0	0	0	0	0	2	0	0	0	1	0	1	1	6000		17	6000
19	24	1	4	2	0	2	2	2	0	1	1	2	1	0	0	1	1	0	6000		12	6000
6	4	6	3	1	1	1	2	0	0	0	0	0	0	1	0	0	0	0	6000		2	6000
67	4	1	0	2	2	4	1	2	0	2	0	1	0	0	1	0	1	0	6000		20	6000
8	15	1	1	3	0	2	4	0	0	0	0	0	0	0	0	1	1	0	6000		12	6000
15	4	0	8	3	0	1	0	0	0	0	0	1	0	2	0	1	0	0	6000		8	6000
33	12	4	2	2	1	1	1	0	0	0	0	0	0	1	0	2	0	0	6000		28	6000
21	6	16	9	4	0	1	0	0	1	0	0	0	0	0	1	0	1	0	6000		13	6000
22	23	2	0	2	0	0	2	1	0	2	0	0	0	1	1	0	1	0	6000		47	6000
63	9	4	2	0	1	3	2	2	1	1	0	0	0	0	0	0	0	0	6000		24	6000
30	8	7	1	2	2	0	3	0	0	1	2	1	0	1	0	0	1	1	6000		47	6000
28	17	7	1	3	4	0	0	0	0	2	1	0	1	0	0	0	0	0	6000		11	6000
53	9	4	8	0	4	0	1	1	0	1	0	0	0	0	2	0	2	1	6000		21	6000
5	5	2	3	1	3	4	1	0	0	2	0	0	1	1	0	0	1	1	6000		18	6000
12	7	8	3	3	0	0	0	0	0	1	0	1	0	0	1	0	0	0	6000		27	6000
23	8	6	5	3	1	1	2	0	1	1	1	1	0	1	0	1	0	0	6000		15	6000
18	2	5	2	1	0	3	4	1	0	3	2	0	1	0	1	0	0	1	6000		18	6000
37	10	1	12	4	2	3	1	0	0	2	0	0	1	0	0	0	0	0	6000		6	6000
93	10	9	6	4	0	0	5	0	0	0	0	0	1	1	0	0	0	0	6000		35	6000
26	3	5	3	1	0	1	1	0	2	0	0	0	0	0	0	0	0	0	6000		15	6000
6	4	0	8	1	1	0	0	1	0	0	1	0	0	1	0	0	0	0	6000		17	6000
11	24	6	5	6	1	0	2	0	0	0	0	0	0	0	2	0	0	0	6000		30	6000
28	14	11	6	2	0	4	0	0	1	0	0	0	2	0	2	0	0	0	6000		19	6000
6	2	1	0	3	2	0	0	0	1	0	0	0	2	0	0	1	0	2	6000		16	6000
12	9	2	0	2	0	6	0	1	1	0	1	0	0	0	2	0	0	0	6000		15	6000
29	34	3	2	2	4	5	1	0	0	0	2	0	0	0	1	0	0	0	6000		22	6000
31	6	1	1	0	0	2	0	1	0	0	1	0	0	0	0	1	0	0	6000		33	6000
22	0	0	2	0	0	3	0	6	0	1	0	0	0	0	0	0	0	0	6000		10	6000
26	3	2	3	3	2	1	0	0	1	0	0	0	0	0	2	1	0	0	6000		10	6000
24	6	5	6	1	0	0	1	0	1	0	0	0	2	0	0	0	2	0	6000		40	6000
22	20	7	1	1	4	1	0	2	4	0	0	0	0	1	0	0	0	0	6000		38	6000
10	29	2	5	0	1	1	2	0	0	2	0	0	0	1	0	0	0	0	6000		16	6000
14	1	2	1	0	0	0	1	1	0	1	0	0	0	0	0	0	0	0	6000		38	6000
20	4	11	2	2	2	2	1	0	0	0	0	1	0	1	0	0	0	0	6000		18	6000
39	4	7	0	3	2	1	1	0	3	0	0	0	0	1	0	0	0	0	6000		19	6000
5	1	5	1	3	0	2	1	0	2	0	0	0	0	0	0	0	0	1	6000		10	6000
32	6	6	1	2	1	0	0	1	0	2	2	1	0	0	0	0	0	1	6000		12	6000
28	3	7	3	0	0	0	0	0	2	0	0	0	1	0	0	0	0	0	6000		4	6000
20	3	2	8	2	0	0	0	0	0	2	1	1	0	2	0	0	0	0	6000		7	6000
32	21	9	3	4	1	1	1	0	1	0	2	1	0	0	1	0	0	0	6000		16	6000
37	5	2	1	1	3	1	1	0	0	0	0	0	0	0	0	1	0	2	6000		16	6000
22	10	1	4	2	0	1	2	0	0	0	0	0	0	0	0	1	0	0	6000		19	6000
41	10	4	2	0	3	1	0	0	0	1	0	0	2	0	0	1	0	0	6000		17	6000
30	0	5	1	1	3	2	0	0	0	0	0	0	1	1	0	0	0	0	6000		8	6000
20	1	4	3	0	2	0	1	4	3	0	0	1	0	1	0	0	0	0	6000		12	6000
40	2	1	6	1	2	3	2	2	1	1	0	0	2	2	1	1	1	1	6000		11	6000
10	25	9	3	0	3	0	3	0	0	0	0	0	0	0	0	1	0	0	6000		16	6000
19	4	1	1	4	1	4	1	0	0	0	0	0	1	1	0	0	0	0	6000		42	6000
20	17	5	1	0	2	0	3	0	0	0	0	1	0	0	0	1	0	0	6000		20	6000
9	3	2	1	0	2	4	0	0	1	0	0	5	1	0	0	1	0	1	6000		17	6000
58	9	5	0	1	1	0	0	1	0	0	0	0	1	0	0	0	0	0	6000		31	6000
6	20	1	4	5	3	0	2	1	0	0	1	0	0	1	1	0	1	0	6000		25	6000
41	22	11	10	3	4	3	0	0	0	0	0	0	0	1	0	0	0	0	6000		20	6000
14	12	4	3	2	0	1	1	2	1	0	0	0	0	1	0	0	0	1	6000		16	6000
12	8	9	1	0	0	0	1	0	0	0	0	0	2	0	0	1	0	0	6000		54	6000
17	2	1	6	0	1	0	2	0	2	0	0	0	1	1	1	1	0	0	6000		30	6000
8	11	5	0	0	3	0	0	0	0	0	1	0	0	0	0	0	0	1	6000		27	6000
33	31	2	2	4	0	0	0	0	0	0	0	0	0	0	0	0	0	0	6000		21	6000
7	7	12	0	2	0	0	0	3	7	0	1	1	0	1	1	0	0	0	6000		32	6000
30	1	3	3	12	2	0	0	0	2	0	1	0	1	0	0	0	0	0	6000		18	6000
12	3	6	6	0	1	0	7	0	0	0	0	0	0	0	1	0	1	0	6000		6	6000
20	3	4	6	2	2	0	0	0	0	0	0	2	0	0	1	0	0	0	6000		14	6000
78	7	10	0	3	1	1	1	0	0	0	0	0	0	0	1	0	3	0	6000		9	6000
10	5	1	3	5	3	3	1	0	1	0	1	2	1	0	0	0	0	0	6000		25	6000
31	24	7	3	5	2	0	1	4	3	0	0	0	0	1	0	0	0	0	6000		29	6000
7	17	4	0	3	1	3	1	1	1	0	1	0	0	0	0	0	0	0	6000		7	6000
14	4	5	3	1	1	1	0	0	0	0	2	0	0	0	0	1	1	1	6000		17	6000
7	0	3	4	3	2	1	0	2	0	0	0	0	1	0	0	0	0	0	6000		18	6000
30	2	1	3	0	1	2	0	0	0	0	0	2	1	0	1	0	0	2	6000		18	6000
14	4	1	3	3	1	1	1	0	1	0	1	1	1	0	0	0	0	0	6000		43	6000
24	12	11	0	1	0	0	0	0	1	0	0	0	1	0	0	0	0	0	6000		2	6000
31	5	5	3	0	2	1	0	0	1	3	1	1	1	1	0	0	0	0	6000		58	6000
66	5	4	5	1	2	2	0	1	0	0	1	0	0	0	0	0	0	0	6000		5	6000
25	9	1	7	4	5	3	0	2	0	0	0	0	0	0	1	0	0	0	6000		71	6000
62	5	4	5	2	3	2	1	1	1	0	0	1	0	1	0	0	0	1	6000		40	6000
1	4	5	3	4	0	1	0	0	0	1	1	0	0	1	0	0	0	0	6000		16	6000
18	5	14	4	0	3	1	2	4	1	1	0	0	0	0	0	0	0	1	6000		13	6000
51	12	2	5	2	1	1	1	0	0	0	0	0	0	1	2	0	0	1	6000		19	6000
40	5	1	3	0	1	2	1	0	0	0	0	0	0	1	0	0	0	0	6000		13	6000
32	19	1	2	2	0	0	2	0	2	0	1	1	4	1	0	0	0	0	6000		16	6000
58	10	6	7	1	5	0	0	0	1	1	2	0	0	0	0	1	0	0	6000		23	6000
4	7	1	4	2	1	0	2	1	0	0	0	0	0	2	0	0	0	0	6000		5	6000
9	5	8	1	5	2	0	0	1	0	2	0	0	0	0	1	0	0	1	6000		28	6000
18	3	2	1	0	3	1	2	3	0	2	0	0	1	0	0	1	0	0	6000		15	6000
43	23	11	2	0	2	0	0	1	2	0	0	2	0	0	0	0	0	1	6000		9	6000
30	0	11	1	0	4	0	2	0	1	0	1	0	0	0	0	0	1	0	6000		17	6000
9	3	4	2	0	4	2	0	1	0	0	0	0	0	0	0	1	0	0	6000		13	6000
18	10	0	0	1	1	1	0	0	2	0	0	0	0	0	0	0	0	0	6000		36	6000
30	10	12	4	1	4	1	2	0	1	1	0	0	1	0	0	0	0	0	6000		8	6000
26	4	7	4	5	0	0	1	0	1	0	0	0	2	0	0	0	0	0	6000		17	6000
7	6	0	6	7	1	7	2	1	0	0	0	0	0	1	0	1	0	1	6000		27	6000
5	4	4	4	2	1	3	0	0	0	0	2	2	1	1	0	0	0	1	6000		1	6000
17	6	17	2	0	2	1	0	1	0	1	0	1	0	0	1	0	1	0	6000		7	6000
15	7	0	6	6	2	0	1	0	0	0	0	1	2	0	0	1	0	0	6000		8	6000
13	4	2	2	0	5	1	0	0	1	0	2	0	0	0	0	0	0	0	6000		18	6000
73	0	0	4	1	0	1	3	0	2	0	0	0	1	0	0	2	0	0	6000		54	6000
85	6	4	0	4	1	2	0	1	0	0	0	2	0	0	0	0	0	0	6000		19	6000
38	28	9	0	1	0	0	1	0	1	0	0	1	0	0	0	0	0	0	6000		11	6000
38	5	7	8	4	1	0	0	0	0	0	0	0	1	0	1	2	0	1	6000		21	6000
18	4	3	0	3	4	0	1	0	0	0	1	0	0	0	0	1	0	0	6000		16	6000
5	11	0	2	0	3	0	0	0	1	3	0	1	2	0	0	1	0	0	6000		16	6000
17	6	1	3	0	0	4	1	0	2	1	1	0	1	1	0	1	0	0	6000		12	6000
7	0	1	4	2	2	0	0	1	0	1	0	0	0	1	0	1	0	0	6000		36	6000
18	9	3	1	5	1	0	0	1	1	0	3	0	0	0	0	0	0	0	6000		7	6000
100	6	8	4	2	1	0	0	0	1	0	1	1	0	0	0	1	0	0	6000		7	6000
49	8	2	8	0	1	0	2	0	1	0	1	2	0	0	0	2	0	0	6000		20	6000
30	9	17	2	1	0	1	1	0	0	0	3	0	0	0	0	0	0	0	6000		26	6000
33	0	2	4	4	0	1	1	0	0	1	0	0	0	1	0	0	0	0	6000		3	6000
8	3	0	8	1	1	3	0	2	0	0	0	0	0	1	1	0	0	0	6000		21	6000
13	11	9	0	0	4	0	1	2	0	0	0	0	0	2	0	1	1	0	6000		15	6000
23	12	2	2	0	2	1	2	1	0	1	0	0	0	0	0	0	0	0	6000		9	6000
23	8	2	1	1	2	2	1	0	1	0	0	0	0	1	0	0	0	0	6000		4	6000
48	13	4	6	4	3	3	0	0	1	0	0	0	0	0	0	0	0	0	6000		7	6000
26	3	2	1	2	2	0	2	2	0	0	0	0	0	0	0	0	0	1	6000		29	6000
25	27	6	2	2	2	0	2	2	0	2	0	0	0	0	0	0	1	0	6000		29	6000
4	3	0	8	2	5	1	2	0	0	1	0	0	0	0	3	1	0	0	6000		11	6000
44	9	5	2	0	1	5	0	4	0	1	1	0	0	0	0	0	0	0	6000		12	6000
14	7	1	6	4	3	0	1	0	0	0	2	0	1	0	1	1	0	0	6000		15	6000
2	7	2	13	2	0	1	0	0	1	0	1	0	0	0	0	0	0	0	6000		17	6000
37	12	3	0	3	2	0	1	2	0	0	0	0	1	0	0	0	0	1	6000		29	6000
39	13	1	0	1	0	0	2	0	0	1	1	0	0	1	0	0	0	0	6000		5	6000
14	3	1	1	0	5	0	0	3	0	0	0	0	0	0	0	1	0	0	6000		17	6000
59	8	1	1	2	0	0	2	0	2	1	0	0	1	0	0	0	0	0	6000		7	6000
47	3	12	5	2	0	2	1	2	1	1	1	0	1	0	0	0	1	0	6000		54	6000
12	6	1	0	2	7	1	1	1	1	0	1	0	1	0	0	0	0	0	6000		4	6000
27	10	9	2	4	4	1	0	0	1	1	1	0	0	0	0	1	0	0	6000		0	6000
24	10	0	4	3	2	1	1	3	1	3	0	0	0	1	0	0	0	0	6000		23	6000
37	4	1	4	8	2	0	2	0	1	0	0	0	0	1	0	0	1	1	6000		41	6000
12	10	2	0	2	0	1	0	2	2	0	0	2	0	1	0	0	0	0	6000		5	6000
53	9	4	2	1	0	0	0	1	0	3	0	1	0	0	0	2	0	0	6000		18	6000
6	1	2	4	1	1	1	0	1	3	0	0	1	1	1	0	1	0	0	6000		15	6000
4	20	3	2	2	0	1	2	1	0	0	0	0	1	1	1	0	1	0	6000		4	6000
103	13	6	0	1	0	0	1	0	0	0	1	2	0	0	0	0	0	1	6000		4	6000
45	1	1	3	0	0	5	1	1	0	0	0	0	1	0	0	1	0	0	6000		1	6000
12	5	19	4	3	1	0	0	0	1	1	0	0	1	0	0	0	2	0	6000		16	6000
29	11	2	11	1	1	1	2	1	0	1	0	1	0	0	0	0	0	0	6000		24	6000
22	2	12	5	2	1	0	0	1	0	0	2	0	0	1	1	0	0	0	6000		26	6000
29	8	1	3	3	0	4	0	0	0	0	0	1	0	0	0	0	1	0	6000		49	6000
12	3	3	6	3	1	0	3	0	0	1	1	0	0	0	0	0	1	0	6000		19	6000
6	7	0	7	3	0	2	3	0	0	0	0	0	0	1	0	0	0	0	6000		64	6000
37	5	3	6	5	1	4	2	0	0	1	0	0	0	0	0	0	0	0	6000		15	6000
11	18	3	1	5	1	1	2	1	1	0	0	1	0	0	0	0	0	1	6000		7	6000
12	2	5	1	1	0	0	0	1	1	0	1	1	2	1	0	0	0	1	6000		8	6000
57	2	1	1	3	3	0	0	0	0	1	0	0	1	1	0	0	0	0	6000		17	6000
39	6	6	2	0	1	3	2	0	5	0	0	0	2	0	0	0	0	0	6000		12	6000
38	1	5	0	5	0	3	1	0	2	0	0	0	1	2	0	0	0	0	6000		41	6000
5	7	13	3	0	0	0	1	0	1	1	1	1	0	0	0	1	0	0	6000		28	6000
53	0	8	2	0	1	2	2	2	0	1	3	1	0	1	1	1	1	0	6000		11	6000
16	17	1	2	1	1	0	3	3	0	0	0	0	1	1	0	0	0	1	6000		20	6000
4	29	10	0	1	0	0	1	0	1	1	0	1	0	0	0	0	0	0	6000		8	6000
22	23	2	2	5	2	1	0	1	0	0	3	0	0	1	0	1	1	1	6000		31	6000
25	10	0	1	0	1	2	2	1	0	0	0	0	0	0	0	0	0	1	6000		6	6000
116	0	3	2	5	1	2	3	1	0	0	0	0	0	0	0	0	0	0	6000		10	6000
2	9	2	0	1	4	1	1	0	1	2	0	1	1	1	0	0	0	0	6000		50	6000
55	3	1	3	4	1	4	2	0	2	1	1	0	1	1	1	1	0	0	6000		12	6000
13	39	7	4	0	5	5	1	0	0	0	3	1	0	0	1	0	0	0	6000		7	6000
22	1	0	3	2	0	5	3	2	1	1	1	0	0	1	0	1	0	0	6000		30	6000
24	4	3	8	8	1	1	0	0	0	0	0	1	1	0	0	2	0	0	6000		16	6000
15	9	4	2	0	0	0	4	1	0	2	0	0	0	0	0	1	0	0	6000		17	6000
12	9	17	18	2	0	1	2	2	1	0	1	0	1	0	1	0	0	0	6000		14	6000
18	4	7	1	1	2	0	0	0	2	2	1	0	0	1	0	0	0	2	6000		19	6000
25	5	10	3	2	0	0	1	1	0	1	2	0	0	2	0	0	1	0	6000		16	6000
5	6	2	1	0	2	0	1	2	1	0	0	3	0	1	1	0	1	0	6000		31	6000
19	12	4	4	1	1	0	1	1	1	0	0	4	0	0	0	0	0	0	6000		31	6000
24	10	8	0	2	1	3	0	2	0	0	1	1	0	0	1	0	2	0	6000		11	6000
9	14	5	4	2	2	1	1	0	2	0	0	0	2	1	0	0	0	0	6000		14	6000
62	2	1	4	3	0	1	3	0	0	0	0	0	0	0	0	0	0	0	6000		17	6000
35	10	8	1	3	3	0	0	1	1	1	1	0	1	0	0	0	0	0	6000		17	6000
4	16	3	1	0	0	1	2	1	1	1	0	1	0	0	1	1	1	1	6000		11	6000
9	1	3	8	0	2	0	1	0	1	0	1	0	0	0	0	0	0	0	6000		24	6000
19	2	0	0	2	3	1	3	0	2	3	0	2	1	0	1	2	0	0	6000		3	6000
26	12	4	0	0	3	2	0	0	0	1	0	0	0	0	0	0	0	1	6000		50	6000
29	9	0	6	3	2	0	3	0	0	1	0	0	1	0	1	0	0	0	6000		37	6000
77	9	5	0	0	2	0	0	1	1	0	0	0	1	1	0	1	1	1	6000		20	6000
5	5	2	4	3	1	3	0	0	0	0	0	0	0	0	0	0	0	0	6000		1	6000
46	14	1	9	3	3	1	1	2	0	1	0	0	0	4	0	1	0	0	6000		16	6000
35	25	0	2	2	2	1	0	0	1	1	0	0	0	1	0	0	1	0	6000		11	6000
3	5	0	1	1	1	2	3	2	0	0	1	1	1	0	1	0	0	0	6000		25	6000
19	2	5	4	7	2	3	2	0	2	0	0	0	0	0	1	0	0	1	6000		38	6000
47	4	1	5	1	0	1	3	1	1	1	1	0	0	0	0	0	0	1	6000		1	6000
30	15	4	1	1	0	2	1	1	0	0	0	2	0	0	0	0	2	0	6000		0	6000
18	10	2	1	0	3	2	1	1	2	0	1	2	0	1	0	0	0	1	6000		7	6000
54	16	0	0	5	3	2	3	1	0	0	0	0	0	0	0	0	0	0	6000		35	6000
23	4	11	3	1	1	3	1	1	0	1	0	0	0	1	0	0	3	1	6000		16	6000
20	6	8	2	0	0	0	0	1	1	0	0	1	0	0	0	0	0	0	6000		27	6000
21	17	5	1	0	1	1	0	0	1	1	0	2	0	0	0	1	0	1	6000		13	6000
17	6	6	0	3	2	1	0	1	1	0	0	1	0	0	0	1	0	0	6000		33	6000
25	2	2	3	3	3	3	0	1	0	1	2	0	0	0	0	0	0	0	6000		23	6000
67	5	3	2	5	1	2	2	0	0	0	0	0	0	0	0	0	0	0	6000		12	6000
35	15	1	1	5	0	1	0	0	0	2	0	0	2	0	1	1	2	0	6000		18	6000
15	12	7	0	2	0	0	2	0	0	0	0	1	1	0	0	0	0	0	6000		21	6000
4	1	8	4	2	2	0	0	1	0	1	1	0	1	0	2	0	0	0	6000		21	6000
21	6	3	0	2	0	1	1	0	0	0	1	0	0	1	0	0	0	0	6000		8	6000
20	10	3	1	2	2	0	1	0	0	0	2	0	0	1	2	0	0	0	6000		26	6000
21	4	10	1	3	0	7	4	0	0	0	0	0	0	0	1	1	0	1	6000		12	6000
35	2	8	4	0	2	1	0	0	0	1	0	0	0	0	0	0	0	0	6000		14	6000
29	4	7	1	2	2	0	0	0	1	0	0	1	0	0	0	1	0	1	6000		59	6000
11	1	12	8	6	0	0	2	0	0	0	0	0	0	0	0	0	0	0	6000		23	6000
15	9	4	1	1	2	0	1	0	2	0	0	1	1	0	1	0	0	1	6000		10	6000
17	6	9	3	0	0	1	0	3	0	1	0	0	1	0	0	0	0	0	6000		10	6000
19	12	6	0	3	0	2	1	0	1	0	1	0	0	0	1	0	1	0	6000		20	6000
6	14	0	2	4	7	1	2	1	0	1	2	0	1	0	1	0	2	0	6000		42	6000
13	1	6	0	0	3	1	1	2	0	0	0	0	1	0	2	0	0	3	6000		26	6000
52	4	6	3	3	2	1	1	0	2	2	1	0	1	0	0	1	0	0	6000		20	6000
7	6	3	7	2	1	0	3	1	0	0	0	0	1	0	0	0	0	0	6000		30	6000
38	9	9	1	2	4	1	0	0	2	0	0	0	1	1	0	2	0	0	6000		63	6000
14	8	6	4	1	1	2	2	2	2	0	1	0	0	0	0	0	0	0	6000		32	6000
33	8	2	7	0	0	0	1	0	0	0	0	1	1	1	0	0	1	1	6000		41	6000
17	7	1	4	0	2	0	1	0	0	0	0	0	0	0	0	0	0	0	6000		9	6000
29	5	14	8	0	1	0	0	2	0	0	0	1	0	0	1	0	0	0	6000		18	6000
44	14	10	8	0	0	0	0	1	2	1	0	0	0	1	2	0	0	0	6000		7	6000
38	10	1	0	2	1	0	2	2	1	1	0	0	0	1	0	0	0	1	6000		7	6000
15	11	6	1	1	0	1	1	1	1	0	0	0	1	0	0	1	1	0	6000		62	6000
25	5	4	3	2	0	0	0	2	0	1	0	2	0	0	0	0	0	0	6000		26	6000
24	11	3	5	0	0	1	0	0	0	1	0	2	0	1	0	0	0	0	6000		15	6000
11	23	3	1	2	3	0	1	0	2	1	0	6	0	0	0	0	0	0	6000		13	6000
34	6	9	2	1	0	3	3	0	0	0	0	0	1	1	0	0	0	1	6000		20	6000
21	1	2	6	0	0	0	4	0	0	1	1	0	0	0	1	0	0	0	6000		2	6000
18	6	18	8	0	1	2	2	1	0	2	0	0	1	0	0	0	1	0	6000		18	6000
78	12	0	3	2	3	0	2	4	0	1	1	0	0	2	1	0	0	0	6000		18	6000
9	17	9	3	1	3	1	1	0	1	0	0	0	0	0	1	0	0	0	6000		29	6000
6	2	5	5	1	1	1	0	0	0	1	0	0	0	0	0	0	0	0	6000		2	6000
43	13	4	2	1	0	3	1	0	1	1	1	0	0	0	0	0	0	0	6000		15	6000
12	4	2	3	5	2	2	0	0	0	1	2	0	0	0	0	0	0	1	6000		8	6000
37	11	0	6	1	0	1	0	1	0	0	0	0	0	0	0	0	0	0	6000		15	6000
7	17	1	6	2	1	1	2	3	0	0	1	0	2	1	1	0	0	0	6000		6	6000
13	23	5	0	1	5	0	0	1	0	0	0	0	0	0	0	2	1	0	6000		13	6000
27	0	4	7	2	0	0	0	1	0	0	0	0	0	2	0	0	1	0	6000		12	6000
11	6	14	4	3	1	0	0	0	0	2	1	0	0	0	0	0	2	0	6000		10	6000
16	6	4	1	1	3	1	2	2	0	0	0	0	0	0	0	0	1	0	6000		16	6000
13	14	0	3	0	4	3	0	0	0	0	1	0	0	0	0	1	0	0	6000		30	6000
26	0	7	2	7	3	0	2	0	1	3	0	1	1	0	0	0	1	0	6000		20	6000
4	19	11	7	12	0	1	1	3	0	1	0	0	0	0	0	1	0	0	6000		7	6000
8	21	3	4	0	3	1	0	0	1	1	0	3	1	0	0	0	0	2	6000		49	6000
21	16	7	9	1	1	4	0	0	0	0	0	2	1	0	0	0	0	0	6000		2	6000
28	2	2	2	6	0	0	4	1	0	1	0	0	3	0	0	4	0	1	6000		10	6000
8	4	4	2	2	1	1	0	1	0	1	0	1	0	0	0	0	0	0	6000		12	6000
14	9	7	2	0	4	0	0	0	0	0	0	0	1	0	1	0	1	0	6000		22	6000
61	0	4	1	5	4	3	2	0	1	2	0	0	1	0	0	0	0	1	6000		42	6000
112	6	10	3	0	2	3	1	0	0	1	0	0	0	0	0	1	0	0	6000		7	6000
26	5	8	1	2	3	0	1	1	0	0	1	0	0	0	0	0	0	0	6000		28	6000
11	1	6	7	0	1	2	3	0	1	0	0	0	0	0	0	0	1	1	6000		36	6000
16	5	7	3	3	0	1	0	0	0	0	1	0	0	0	1	2	0	1	6000		3	6000
10	5	3	7	5	2	1	0	2	0	1	0	0	0	0	0	0	0	0	6000		19	6000
42	0	4	6	2	5	1	2	1	0	1	1	0	0	0	1	0	0	0	6000		7	6000
15	8	15	1	3	3	2	1	0	0	0	1	0	0	2	0	0	0	1	6000		86	6000
16	25	5	1	1	0	2	3	0	0	0	0	0	0	0	0	0	0	1	6000		21	6000
29	14	6	0	0	2	1	0	4	0	2	1	1	1	0	0	0	0	0	6000		51	6000
4	2	7	8	1	1	5	0	1	0	0	0	0	0	0	0	0	0	0	6000		8	6000
14	16	2	3	2	2	1	0	0	0	1	0	0	0	1	0	0	0	0	6000		7	6000
25	5	7	0	4	0	2	1	1	0	0	0	0	0	2	0	0	0	0	6000		23	6000
32	9	2	1	0	1	1	0	1	2	2	0	1	2	1	1	0	0	0	6000		35	6000
20	5	9	1	1	0	2	0	1	0	0	0	0	0	1	0	0	0	0	6000		33	6000
29	16	7	4	4	0	1	0	0	0	2	0	0	1	1	0	0	0	0	6000		21	6000
15	1	1	0	1	1	2	1	0	0	0	2	1	0	0	1	0	0	1	6000		35	6000
5	9	5	3	0	0	0	0	1	0	0	0	3	1	0	0	0	1	0	6000		15	6000
25	16	5	0	1	0	0	0	0	0	1	0	1	0	1	0	1	0	0	6000		3	6000
22	7	4	11	1	1	1	0	0	1	0	0	0	0	0	0	0	0	0	6000		4	6000
56	1	5	1	0	0	0	0	1	0	1	0	1	0	0	0	2	0	0	6000		3	6000
37	3	7	2	2	1	1	0	0	3	2	0	0	0	0	1	0	0	0	6000		17	6000
18	3	5	15	0	4	1	0	0	1	2	0	0	0	2	0	0	0	0	6000		41	6000
21	14	11	4	1	0	1	0	2	1	0	1	0	0	0	0	0	0	0	6000		25	6000
18	10	16	1	1	1	0	0	0	0	0	0	2	0	0	0	0	0	0	6000		8	6000
23	4	1	0	2	6	1	1	1	1	0	0	0	1	0	0	0	0	0	6000		37	6000
8	1	1	2	0	5	1	0	2	0	1	1	0	1	0	1	0	0	0	6000		22	6000
6	15	5	2	4	1	2	1	1	0	3	1	0	0	0	1	1	1	0	6000		12	6000
34	2	0	2	5	0	0	1	1	0	0	1	0	0	1	0	1	0	0	6000		7	6000
8	13	12	8	5	0	1	0	1	2	1	0	0	0	4	0	1	0	2	6000		19	6000
30	12	8	1	3	6	1	0	1	0	0	0	1	0	0	0	0	0	1	6000		23	6000
4	17	4	3	1	3	3	0	0	1	2	0	2	0	0	0	1	0	0	6000		37	6000
32	5	0	1	1	6	0	3	0	0	0	0	0	0	1	0	0	2	1	6000		3	6000
28	13	6	2	2	1	4	3	2	0	0	0	1	1	0	0	0	0	1	6000		29	6000
36	24	3	3	1	1	0	0	2	0	0	1	0	0	0	0	1	0	0	6000		10	6000
67	7	7	5	0	6	1	0	0	1	2	0	0	0	0	0	0	0	0	6000		34	6000
24	27	1	4	5	5	0	0	1	0	0	2	1	1	0	0	0	0	1	6000		18	6000
16	10	4	4	1	0	1	0	0	3	2	0	3	0	1	0	0	0	0	6000		29	6000
14	14	1	2	0	3	3	6	0	2	4	2	0	0	0	0	0	1	0	6000		25	6000
31	14	4	1	2	1	0	2	1	0	0	1	0	1	0	0	0	0	0	6000		30	6000
28	6	6	5	3	2	0	1	0	1	1	0	1	0	0	0	0	0	1	6000		34	6000
67	13	14	5	1	0	0	1	1	2	0	1	0	0	0	1	0	1	0	6000		3	6000
29	19	10	0	2	1	4	9	0	0	1	0	1	1	0	0	0	1	1	6000		9	6000
14	3	3	11	4	0	0	1	5	1	2	0	0	1	0	0	0	0	0	6000		10	6000
38	5	2	2	0	3	2	0	1	1	0	1	0	1	1	0	0	1	0	6000		41	6000
24	4	5	5	1	1	1	0	0	0	1	0	1	0	0	0	0	0	0	6000		14	6000
13	7	6	2	2	2	0	4	1	2	1	1	0	0	0	0	0	1	0	6000		38	6000
26	1	2	4	1	3	3	1	2	1	0	0	0	1	0	0	0	0	0	6000		13	6000
33	1	8	0	3	0	0	0	0	0	0	0	1	1	1	0	0	0	0	6000		8	6000
16	10	4	5	4	0	0	1	1	0	0	2	0	1	0	1	0	0	0	6000		3	6000
10	3	7	2	2	2	1	0	2	1	1	0	0	0	0	0	0	1	0	6000		16	6000
5	7	1	1	2	2	0	0	2	1	0	1	0	1	0	0	1	0	0	6000		32	6000
16	27	17	2	5	0	2	0	1	0	4	0	0	0	1	0	0	2	0	6000		56	6000
3	19	0	10	2	0	3	1	1	3	0	0	0	0	0	1	0	0	0	6000		17	6000
17	6	4	4	3	1	1	2	3	4	1	0	2	0	0	0	0	1	0	6000		34	6000
21	1	1	1	5	2	1	0	1	1	2	0	0	0	1	0	0	0	0	6000		1	6000
4	6	2	0	1	1	0	0	0	1	1	0	0	0	2	1	1	0	0	6000		22	6000
55	12	0	4	4	2	0	1	6	0	1	1	0	0	0	0	0	0	0	6000		41	6000
56	5	4	4	2	5	1	2	1	0	0	0	0	2	0	0	0	0	0	6000		15	6000
8	13	1	7	3	0	0	0	1	0	0	3	1	2	0	1	0	0	3	6000		12	6000
7	5	3	3	3	0	0	0	0	1	0	0	0	0	0	0	1	0	0	6000		26	6000
62	7	11	1	1	0	0	1	0	1	0	0	0	0	0	2	0	3	0	6000		7	6000
26	1	5	1	1	1	1	2	3	0	1	0	0	0	0	1	0	0	2	6000		11	6000
55	3	2	2	2	0	0	1	2	0	3	0	0	0	1	0	0	0	0	6000		9	6000
27	8	4	0	2	0	0	0	0	2	1	0	0	2	0	0	0	0	0	6000		42	6000
6	2	5	2	3	3	2	2	4	0	0	0	0	1	0	0	0	1	1	6000		15	6000
24	7	3	4	2	2	0	3	0	1	2	2	0	1	0	0	1	0	0	6000		40	6000
18	6	1	4	2	1	4	1	4	2	0	0	0	0	0	0	0	0	0	6000		20	6000
30	21	3	4	2	0	0	3	3	1	0	0	0	0	1	0	0	0	0	6000		19	6000
9	15	3	2	0	2	0	3	0	0	1	1	0	0	0	0	0	0	1	6000		8	6000
62	9	3	9	1	1	0	0	0	0	1	0	0	0	1	1	1	0	2	6000		13	6000
4	3	3	0	0	2	0	3	0	1	1	0	0	1	0	0	0	0	0	6000		11	6000
19	19	3	5	0	1	0	0	1	0	0	0	0	1	0	3	0	0	0	6000		20	6000
44	0	0	2	2	1	1	3	0	0	1	0	0	1	0	0	1	0	1	6000		9	6000
13	7	9	2	3	1	2	1	1	0	0	1	1	0	2	0	1	0	0	6000		18	6000
9	3	1	1	0	2	0	1	0	0	1	0	0	0	0	1	0	0	0	6000		43	6000
15	26	4	7	2	3	3	1	1	1	1	0	0	0	0	0	0	0	0	6000		4	6000
22	1	6	8	3	3	0	0	2	1	0	0	1	0	0	0	0	1	0	6000		12	6000
0	0	2	6	4	3	0	1	3	1	0	3	1	0	1	0	0	0	0	6000		18	6000
16	8	1	8	4	0	1	1	0	0	3	0	0	0	0	0	1	0	3	6000		55	6000
9	29	7	7	1	0	2	1	1	0	0	2	0	0	2	1	0	0	0	6000		5	6000
7	20	3	4	9	1	0	0	0	2	5	0	0	0	0	0	0	0	0	6000		3	6000
28	19	10	2	5	2	5	0	0	3	1	0	0	0	0	0	0	0	0	6000		30	6000
56	7	13	5	4	1	0	3	0	0	0	0	1	0	0	0	2	0	0	6000		29	6000
6	11	8	3	0	1	1	1	0	1	0	0	0	0	0	0	1	0	0	6000		15	6000
43	4	6	1	0	0	2	0	0	0	0	1	0	0	0	0	1	0	0	6000		15	6000
30	3	2	4	0	1	1	6	2	0	0	3	0	2	0	0	1	1	0	6000		4	6000
18	15	3	1	0	1	0	3	1	1	1	0	0	0	0	0	0	1	1	6000		41	6000
3	8	0	0	0	1	3	4	1	0	0	0	0	0	0	2	0	0	0	6000		42	6000
18	13	3	4	1	2	0	1	0	1	0	0	0	0	1	1	0	0	0	6000		19	6000
50	7	1	2	1	2	2	0	0	1	0	1	0	0	0	1	1	0	1	6000		10	6000
16	8	6	0	3	6	1	0	1	0	1	0	1	0	1	0	0	0	0	6000		19	6000
20	2	1	5	1	0	0	0	1	2	3	0	0	0	1	0	0	0	0	6000		45	6000
15	21	10	0	1	4	3	0	0	0	0	0	0	1	0	0	1	0	0	6000		13	6000
46	12	3	1	1	0	0	0	0	1	0	0	1	0	1	3	0	0	0	6000		33	6000
10	5	3	3	0	1	1	2	0	0	1	1	1	0	0	1	0	3	0	6000		17	6000
27	14	1	3	0	3	0	0	0	0	0	0	0	0	0	0	0	0	0	6000		32	6000
66	9	8	4	0	0	0	1	1	0	1	0	0	0	1	0	0	1	1	6000		3	6000
38	20	3	3	5	2	1	1	0	1	0	0	0	0	0	0	1	0	0	6000		46	6000
22	2	2	3	3	0	0	0	0	3	0	1	1	0	0	0	1	0	0	6000		17	6000
15	5	5	1	3	0	0	1	0	1	0	2	0	0	0	0	0	0	0	6000		11	6000
8	4	0	7	2	3	0	1	1	1	1	1	1	0	1	0	0	0	1	6000		13	6000
20	8	2	3	9	0	3	1	1	0	1	0	0	0	0	0	1	0	0	6000		101	6000
32	12	15	3	1	3	0	0	0	0	0	0	0	0	0	0	0	2	0	6000		16	6000
22	9	10	4	1	0	0	3	0	0	0	0	0	3	0	0	0	2	0	6000		33	6000
20	1	5	2	0	0	0	0	0	2	2	0	0	1	1	0	0	0	0	6000		7	6000
20	3	5	2	0	1	3	3	0	2	0	1	0	1	2	0	1	0	1	6000		8	6000
87	13	2	1	0	0	0	0	0	1	0	2	0	1	0	0	0	0	0	6000		16	6000
9	10	1	8	0	9	0	1	1	0	0	1	0	0	1	1	0	0	0	6000		9	6000
54	8	16	0	1	3	0	1	0	0	1	0	0	1	1	0	0	0	0	6000		4	6000
14	4	2	2	1	5	3	4	1	1	0	2	2	0	0	1	0	1	0	6000		11	6000
40	2	0	1	4	2	2	0	1	0	1	0	1	0	1	0	0	0	1	6000		38	6000
21	3	11	2	3	3	0	1	0	0	1	0	2	1	1	1	0	0	0	6000		21	6000
66	21	2	0	1	0	0	2	0	0	0	0	0	0	1	0	0	0	0	6000		35	6000
15	7	4	3	6	7	2	2	1	0	2	0	0	2	1	0	1	0	0	6000		14	6000
34	26	0	4	2	0	0	0	1	0	1	1	1	0	1	2	0	0	1	6000		14	6000
6	3	4	10	7	2	2	2	0	1	1	4	0	0	0	1	0	0	2	6000		32	6000
38	11	4	4	6	6	5	0	0	2	0	0	0	0	0	0	0	0	0	6000		4	6000
11	14	4	0	3	2	1	1	0	0	0	3	3	1	0	0	1	0	1	6000		38	6000
11	5	6	0	2	1	0	0	0	2	1	0	0	0	0	0	0	0	0	6000		32	6000
18	7	12	2	1	2	1	0	0	1	2	0	3	0	2	0	2	0	0	6000		14	6000
25	6	3	3	3	2	3	4	0	1	0	0	0	0	1	0	2	0	0	6000		17	6000
9	15	5	5	1	1	1	2	0	0	0	0	1	3	0	0	0	0	0	6000		15	6000
17	5	7	4	9	4	0	0	0	2	1	1	1	0	0	0	0	1	1	6000		41	6000
27	9	8	1	0	0	0	2	0	0	0	0	1	1	0	0	0	0	0	6000		52	6000
44	2	0	4	2	9	1	2	0	2	0	0	0	0	2	0	0	0	0	6000		12	6000
10	11	5	5	0	0	1	2	0	1	1	0	0	1	0	0	1	0	0	6000		5	6000
63	6	1	4	1	2	2	0	2	0	1	0	0	0	0	0	0	0	0	6000		45	6000
17	12	1	3	0	3	1	0	0	0	0	0	1	0	0	0	0	0	0	6000		10	6000
4	20	3	3	6	5	5	0	0	1	0	1	1	0	0	0	0	0	0	6000		9	6000
5	12	3	1	0	0	2	0	6	5	0	0	1	0	0	0	0	0	0	6000		35	6000
15	6	2	2	2	3	0	3	2	4	0	1	1	2	0	0	0	0	0	6000		2	6000
38	13	3	6	4	3	0	1	0	0	1	0	1	0	1	0	0	0	0	6000		41	6000
3	7	1	4	2	3	3	1	1	0	0	0	0	0	0	0	0	0	0	6000		27	6000
21	6	6	1	0	0	3	1	0	0	1	0	0	0	0	1	0	0	0	6000		30	6000
28	8	2	5	1	0	1	0	1	1	1	0	2	0	0	0	0	0	0	6000		17	6000
20	6	1	16	0	2	5	0	1	0	0	0	0	0	0	1	0	1	1	6000		23	6000
60	11	2	2	0	0	1	1	0	1	0	2	0	0	0	0	0	0	0	6000		13	6000
32	3	6	5	2	2	1	1	2	0	0	1	0	0	1	0	0	1	0	6000		34	6000
32	13	1	9	6	0	0	0	0	0	1	2	0	0	0	1	0	0	0	6000		4	6000
49	7	3	7	0	2	1	2	0	0	0	0	0	1	0	0	0	1	2	6000		63	6000
14	11	7	1	0	2	0	1	0	0	1	0	0	0	0	2	0	1	0	6000		28	6000
14	9	5	0	1	0	4	2	0	2	0	0	0	0	1	0	0	0	0	6000		59	6000
42	16	5	2	0	0	2	1	0	0	0	0	0	0	0	0	0	0	0	6000		2	6000
35	1	2	4	3	2	0	0	0	0	0	0	0	0	1	0	0	0	0	6000		2	6000
50	9	5	0	0	0	0	1	0	1	1	1	0	0	0	0	0	0	2	6000		47	6000
20	10	9	5	0	2	1	0	1	1	2	0	0	1	0	0	0	0	0	6000		36	6000
25	12	4	2	1	1	2	0	0	0	1	0	0	0	1	0	0	0	0	6000		27	6000
16	7	10	3	1	7	1	0	0	1	1	0	2	1	0	1	0	0	0	6000		15	6000
23	5	5	0	7	0	1	0	0	0	1	0	0	0	0	2	0	1	1	6000		18	6000
40	3	4	2	7	0	2	3	0	1	1	1	1	0	0	1	0	0	1	6000		28	6000
35	14	2	4	0	3	0	0	0	0	0	0	0	0	0	0	0	0	0	6000		17	6000
7	4	5	1	1	2	0	1	1	0	1	0	1	0	1	0	0	0	0	6000		27	6000
46	12	10	5	2	0	0	4	0	0	3	0	0	0	1	0	0	1	0	6000		21	6000
36	6	0	6	0	1	0	1	1	0	0	0	0	1	0	1	0	0	0	6000		44	6000
33	7	3	10	5	0	0	0	0	0	0	0	2	0	0	0	0	0	0	6000		13	6000
51	4	11	0	0	0	2	0	2	0	1	0	0	0	0	0	0	1	0	6000		8	6000
47	5	10	2	1	1	2	0	2	0	0	0	0	2	1	0	0	1	0	6000		2	6000
22	0	0	5	2	1	0	1	0	0	0	0	0	0	0	1	1	0	0	6000		5	6000
23	6	3	13	3	4	1	0	1	3	1	0	0	1	0	0	1	0	0	6000		22	6000
15	10	14	5	1	0	4	3	2	0	0	0	0	0	0	0	0	0	1	6000		30	6000
31	7	6	3	5	1	1	2	7	0	0	0	0	0	0	1	0	0	0	6000		25	6000
32	3	8	2	7	1	0	0	1	1	0	4	2	2	0	0	1	0	0	6000		46	6000
62	14	7	0	2	1	1	1	0	0	2	0	0	0	1	1	0	0	0	6000		27	6000
30	10	15	0	2	3	0	2	2	0	0	1	0	0	0	0	1	1	0	6000		28	6000
12	14	9	0	2	3	1	0	1	0	0	0	0	1	1	0	0	1	0	6000		3	6000
12	4	6	5	0	1	1	1	1	1	1	1	0	2	0	0	0	0	2	6000		20	6000
10	8	2	0	1	0	2	1	0	1	0	3	0	0	0	0	0	1	0	6000		25	6000
36	12	4	6	1	0	1	0	2	0	0	1	0	0	0	0	0	0	0	6000		15	6000
60	7	6	2	0	1	1	1	0	0	0	0	0	0	0	1	0	1	0	6000		16	6000
75	6	0	4	0	2	0	3	3	0	0	2	0	0	0	0	0	1	1	6000		36	6000
24	19	3	7	2	2	1	0	1	0	0	0	0	0	0	0	0	0	0	6000		26	6000
11	3	3	3	5	3	1	1	1	0	0	1	0	0	0	1	0	0	0	6000		25	6000
86	0	4	4	3	1	2	3	1	0	2	1	0	0	1	0	1	0	0	6000		31	6000
19	5	9	2	2	5	2	0	0	2	0	0	2	0	0	1	0	0	1	6000		11	6000
22	2	4	4	2	2	2	1	1	1	1	0	1	2	0	0	0	0	0	6000		15	6000
27	2	4	0	1	4	2	0	0	1	1	0	0	0	0	0	0	0	0	6000		20	6000
20	6	9	1	1	0	3	0	0	0	1	0	0	0	0	0	0	0	0	6000		12	6000
22	20	3	1	5	0	2	1	1	0	3	1	0	0	0	0	1	0	0	6000		20	6000
19	31	9	2	0	2	0	1	0	0	0	0	0	0	2	0	1	0	0	6000		49	6000
13	24	5	3	1	5	2	1	2	0	2	0	1	0	0	0	1	0	0	6000		37	6000
20	1	3	0	0	5	1	2	0	0	0	0	0	0	1	0	0	0	0	6000		31	6000
49	10	7	1	6	1	1	0	0	0	0	1	0	0	0	0	0	0	0	6000		16	6000
53	4	3	1	0	1	2	3	0	1	0	0	0	0	0	0	0	0	0	6000		28	6000
73	3	3	7	0	0	0	1	2	2	0	0	0	0	0	0	0	1	0	6000		29	6000
58	5	0	0	7	2	0	0	0	0	2	0	3	0	0	0	0	0	0	6000		14	6000
8	4	2	6	1	3	1	0	2	3	1	0	0	0	0	0	0	0	0	6000		10	6000
33	9	7	0	0	1	2	3	1	0	0	2	1	0	1	0	0	1	1	6000		8	6000
13	5	1	0	7	3	0	0	0	0	0	2	0	0	1	1	0	0	0	6000		49	6000
21	8	12	7	0	3	2	0	0	1	3	0	0	0	1	0	1	0	0	6000		52	6000
10	7	6	0	0	0	0	1	0	0	0	1	0	0	0	0	0	0	0	6000		20	6000
44	21	5	5	0	0	0	4	0	0	0	1	0	0	0	0	0	1	0	6000		17	6000
28	5	4	1	1	1	0	1	0	0	0	0	0	0	0	0	2	1	2	6000		30	6000
21	1	1	0	2	0	2	2	1	0	0	1	0	0	0	1	2	0	0	6000		32	6000
34	21	1	1	1	1	5	0	1	0	0	0	0	0	1	0	0	0	0	6000		8	6000
13	5	2	7	0	2	1	3	0	0	0	0	0	1	0	0	0	1	1	6000		24	6000
55	23	8	4	0	1	0	1	1	0	0	2	1	0	0	0	1	0	0	6000		8	6000
10	8	6	7	0	4	0	0	0	1	1	1	2	0	0	0	0	0	0	6000		14	6000
8	10	3	0	1	0	1	0	1	0	2	0	0	1	0	0	0	0	0	6000		43	6000
40	4	4	0	3	6	0	5	1	0	1	0	0	0	0	0	0	0	0	6000		10	6000
23	8	1	4	4	3	2	1	0	0	0	0	0	1	1	1	0	0	0	6000		7	6000
55	6	2	0	1	2	0	2	1	0	2	1	0	1	0	0	0	0	0	6000		17	6000
33	0	2	4	3	1	1	0	1	2	1	2	0	0	0	0	0	0	0	6000		2	6000
41	23	8	2	1	0	2	1	0	0	1	0	2	0	0	0	1	0	0	6000		25	6000
22	3	1	2	2	0	2	0	2	0	0	0	0	0	1	1	0	2	0	6000		14	6000
43	11	1	7	2	0	1	4	0	0	0	1	0	2	0	0	0	0	0	6000		21	6000
12	6	5	0	0	2	2	1	2	0	1	1	3	1	1	0	0	0	0	6000		16	6000
52	3	3	3	3	4	0	3	0	0	0	0	0	0	1	0	0	1	0	6000		37	6000
18	4	1	3	3	3	1	0	2	0	0	0	0	0	0	1	1	0	0	6000		5	6000
12	4	5	8	2	2	0	0	1	1	1	1	0	0	0	0	1	0	0	6000		6	6000
39	9	0	2	2	3	1	0	0	1	2	0	0	0	1	1	0	1	1	6000		9	6000
41	4	1	1	1	1	0	0	0	0	1	0	0	0	1	0	0	0	1	6000		0	6000
55	15	9	0	2	0	0	1	0	1	0	0	0	0	0	0	0	0	0	6000		13	6000
4	9	10	6	2	0	2	0	0	0	0	0	0	0	1	0	0	1	0	6000		18	6000
78	12	6	3	2	1	2	1	1	0	2	2	3	3	0	0	0	0	0	6000		19	6000
16	16	1	1	6	3	0	0	1	0	0	0	1	0	0	0	0	0	0	6000		19	6000
7	5	16	5	2	4	1	3	0	0	0	0	1	0	0	0	0	0	0	6000		4	6000
44	8	13	2	0	2	4	1	3	3	0	1	1	1	0	0	0	1	0	6000		65	6000
25	18	5	0	3	1	0	3	0	2	0	2	1	0	0	0	0	0	1	6000		28	6000
15	4	1	1	1	1	6	0	0	0	0	0	1	0	1	1	1	0	0	6000		64	6000
11	4	1	5	4	2	0	2	1	1	0	0	0	1	0	1	0	0	0	6000		7	6000
70	2	6	1	0	0	0	1	0	1	0	0	1	0	1	2	1	0	0	6000		32	6000
44	29	3	3	0	0	0	0	0	0	0	1	1	0	0	0	1	0	1	6000		38	6000
19	31	1	4	1	0	0	2	0	1	0	0	0	0	0	0	1	0	2	6000		12	6000
29	0	5	11	1	0	1	0	1	0	1	2	0	0	1	0	0	0	0	6000		7	6000
23	6	7	1	0	1	4	0	1	0	0	2	0	2	0	2	0	2	0	6000		16	6000
28	2	0	3	1	1	0	1	2	0	1	2	0	0	1	0	0	0	0	6000		29	6000
39	6	6	5	0	2	0	2	0	1	0	1	0	0	0	0	0	0	0	6000		29	6000
8	3	21	2	1	0	0	6	2	0	1	0	0	0	1	0	0	0	0	6000		39	6000
36	12	9	2	5	0	0	0	0	3	1	1	0	0	1	2	0	0	0	6000		19	6000
33	13	3	2	0	0	4	0	1	0	0	0	1	0	0	1	0	0	0	6000		27	6000
15	22	4	3	1	2	3	0	0	0	0	0	0	0	0	0	0	0	0	6000		12	6000
101	14	10	3	0	0	0	0	2	0	0	0	0	1	0	0	0	0	1	6000		20	6000
35	10	4	1	4	2	2	0	0	1	0	0	1	1	0	0	1	0	0	6000		10	6000
38	14	9	7	0	0	0	1	0	0	0	2	1	0	0	0	0	0	0	6000		16	6000
14	2	4	2	1	6	0	4	1	1	1	1	1	1	1	0	0	1	1	6000		18	6000
20	10	6	3	1	2	1	0	1	1	0	2	0	0	0	0	0	0	0	6000		17	6000
0	4	3	6	4	2	1	2	1	0	3	0	0	0	2	0	0	0	0	6000		18	6000
2	8	4	7	0	2	1	0	0	1	0	1	0	1	0	0	0	0	0	6000		42	6000
5	35	12	6	4	3	1	0	0	0	0	0	3	0	0	1	1	0	0	6000		6	6000
21	18	3	1	1	1	6	0	0	0	1	1	0	0	0	0	0	0	1	6000		18	6000
12	2	6	1	3	0	0	0	0	5	0	0	0	0	0	0	0	0	0	6000		21	6000
18	10	5	3	0	2	3	5	3	0	1	1	1	1	0	1	0	0	0	6000		17	6000
6	13	6	3	0	1	1	2	0	0	0	0	0	0	0	1	0	0	4	6000		3	6000
9	6	0	0	1	1	3	0	1	1	2	0	0	2	1	0	0	0	1	6000		5	6000
6	1	5	2	1	0	0	1	0	0	0	0	0	0	0	0	0	0	1	6000		21	6000
0	15	8	1	1	1	0	0	0	0	0	1	1	0	1	0	0	0	0	6000		24	6000
37	6	5	1	2	1	2	0	0	1	0	1	0	1	0	0	0	0	0	6000		25	6000
22	10	3	6	2	0	9	2	0	0	2	0	2	0	0	0	0	0	0	6000		14	6000
52	15	5	2	0	2	2	0	0	0	0	0	0	0	0	0	0	0	0	6000		2	6000
12	5	2	0	0	2	0	1	1	1	0	0	0	1	1	0	2	1	0	6000		12	6000
18	19	5	1	2	0	1	1	2	0	1	0	0	1	0	0	1	0	0	6000		78	6000
29	14	11	1	2	2	1	1	1	0	2	0	0	0	2	0	1	0	0	6000		12	6000
39	20	6	4	0	3	2	0	1	1	0	1	0	0	1	0	1	0	0	6000		8	6000
19	8	3	4	1	4	1	1	1	2	1	1	1	0	4	0	0	0	0	6000		31	6000
31	1	3	4	3	0	0	2	0	0	1	1	0	1	0	1	0	0	1	6000		81	6000
19	1	2	0	1	1	1	0	1	0	1	1	0	1	0	0	0	0	0	6000		14	6000
7	0	11	3	1	5	0	4	3	1	0	0	0	0	0	1	0	0	1	6000		6	6000
12	11	1	2	1	0	0	4	0	0	0	0	0	0	0	0	0	1	1	6000		14	6000
19	19	9	3	0	1	1	1	4	1	0	0	1	0	0	0	0	0	0	6000		9	6000
29	19	1	1	2	0	0	0	2	2	5	0	0	0	2	2	0	0	0	6000		28	6000
