# Model: C
#     eps_an        eps_cont      lambda        theta_bar     a        
#    0.00e+00      0.00e+00       0.00500       0.00100       2.00000  
#      S_d            b             p_b           S_b      
#   -400.00000       0.40000       0.02000       4.00000  
#     r  2          r  3          r  4          r  5          r  6          r  7          r  8          r  9          r 10          r 11          r 12          r 13          r 14          r 15          r 16          r 17          r 18          r 19          r 20     
#     1.00000       1.00000       1.00000       1.00000       1.00000       1.00000       1.00000       1.00000       1.00000       1.00000       1.00000       1.00000       1.00000       1.00000       1.00000       1.00000       1.00000       1.00000       1.00000  

500 500 20

2	0	1	1	0	0	0	0	0	0	0	0	0	0	0	0	0	0	0	2000		1	2000
0	6	1	0	0	0	1	0	0	0	2	0	0	0	0	0	0	1	1	2000		7	2000
1	0	1	0	1	0	0	2	0	0	2	0	0	0	0	1	0	0	0	2000		9	2000
2	0	0	1	0	0	0	0	0	0	0	0	0	0	0	1	0	0	0	2000		3	2000
1	0	1	0	1	0	0	1	0	0	0	0	0	0	0	0	0	0	0	2000		20	2000
0	0	0	0	0	0	0	0	0	0	0	0	1	0	0	0	0	0	0	2000		28	2000
3	4	0	0	0	0	0	0	0	0	1	0	0	0	0	0	0	0	0	2000		5	2000
1	1	0	1	0	0	1	0	0	0	0	0	0	0	0	0	0	0	0	2000		6	2000
3	0	0	2	0	1	0	0	0	0	0	0	0	0	0	0	0	0	0	2000		10	2000
0	3	0	0	0	0	1	0	1	1	1	0	0	0	0	0	1	0	1	2000		4	2000
6	1	1	0	0	2	0	1	0	0	0	0	0	1	0	0	0	0	0	2000		32	2000
2	1	0	0	0	0	0	0	0	0	0	0	0	0	0	2	0	1	0	2000		4	2000
0	2	0	0	0	0	0	0	0	0	0	0	0	0	0	0	0	1	0	2000		1	2000
1	0	1	1	0	0	0	0	0	0	0	1	0	0	1	0	0	0	0	2000		18	2000
1	1	0	0	0	0	0	0	0	0	0	0	0	0	0	0	0	0	0	2000		6	2000
2	0	1	2	0	0	0	0	0	1	0	0	0	0	0	0	0	0	0	2000		9	2000
6	1	0	0	0	2	1	0	0	0	0	0	0	0	0	1	0	0	0	2000		4	2000
0	1	1	0	0	0	0	0	0	1	0	0	0	0	1	0	0	0	0	2000		14	2000
0	0	0	0	0	0	0	0	0	1	0	0	0	1	0	0	0	0	1	2000		6	2000
0	3	5	0	0	1	0	0	0	0	0	2	0	0	0	0	0	0	0	2000		14	2000
0	1	0	0	0	1	0	0	0	0	0	1	1	0	0	0	0	0	0	2000		26	2000
0	1	2	1	0	0	0	1	0	0	0	1	0	0	0	0	0	0	1	2000		16	2000
1	1	2	0	2	1	1	0	0	0	1	0	0	0	0	0	0	0	1	2000		5	2000
5	3	0	0	1	0	1	1	0	0	0	0	0	1	0	0	0	1	0	2000		8	2000
0	0	0	1	0	0	1	0	0	0	0	0	0	0	0	0	0	0	0	2000		10	2000
4	0	1	0	0	0	0	1	0	0	0	0	0	0	0	0	0	0	0	2000		20	2000
2	2	0	1	0	1	1	1	0	0	0	1	0	0	1	0	0	0	0	2000		0	2000
2	1	0	0	0	0	0	2	1	4	2	0	0	0	0	0	0	0	0	2000		4	2000
0	2	4	0	0	0	0	0	0	0	0	0	1	0	0	0	1	0	0	2000		26	2000
3	2	1	0	1	1	0	0	0	0	0	1	1	0	0	0	0	0	0	2000		8	2000
2	0	0	1	0	0	0	0	0	0	0	1	0	0	0	0	0	0	0	2000		21	2000
0	0	0	1	0	0	0	1	0	0	1	0	0	0	0	0	0	0	0	2000		2	2000
8	0	1	0	1	0	1	0	0	0	0	0	2	0	0	1	0	0	0	2000		8	2000
0	0	0	1	1	1	0	0	0	0	0	0	0	0	0	0	0	0	0	2000		7	2000
1	1	0	0	0	0	1	0	0	0	0	0	0	0	1	0	0	0	0	2000		10	2000
2	1	2	1	0	0	1	0	0	0	1	1	0	0	0	0	0	0	0	2000		14	2000
1	0	0	1	0	0	1	0	2	0	0	0	0	0	0	0	0	0	0	2000		16	2000
0	1	1	1	0	0	1	0	0	0	0	0	0	0	0	0	0	0	0	2000		20	2000
1	0	0	0	0	0	0	0	0	0	0	0	0	0	0	0	1	0	0	2000		10	2000
3	0	0	1	2	0	0	0	0	0	0	0	0	0	0	1	0	0	0	2000		6	2000
3	4	0	0	2	0	0	0	0	0	0	0	1	0	0	0	1	1	0	2000		3	2000
0	0	0	1	2	1	0	0	2	0	0	0	0	0	1	0	1	0	0	2000		12	2000
0	1	2	0	0	0	0	0	0	1	0	0	0	1	0	0	0	0	0	2000		3	2000
4	1	0	1	0	0	1	0	0	1	0	1	1	0	0	0	0	0	0	2000		7	2000
5	1	0	1	0	0	0	0	0	0	0	0	0	0	0	0	0	0	0	2000		14	2000
0	1	1	0	0	2	0	0	0	1	0	0	0	0	1	0	0	2	1	2000		20	2000
6	1	0	0	0	0	0	0	1	0	0	0	0	0	0	0	0	0	0	2000		4	2000
0	1	0	0	1	1	0	0	0	2	0	0	0	1	0	0	0	1	0	2000		2	2000
1	0	1	0	0	0	0	1	0	0	1	0	0	0	0	0	0	0	1	2000		16	2000
3	1	1	2	0	1	0	0	0	0	0	0	0	0	1	0	0	0	0	2000		18	2000
2	0	2	0	0	1	0	0	1	0	0	0	0	0	0	0	0	0	0	2000		26	2000
6	2	3	0	0	1	0	0	0	0	0	2	0	0	0	0	1	1	0	2000		7	2000
4	1	2	1	0	0	2	0	0	0	0	0	0	0	0	0	0	0	1	2000		14	2000
0	3	0	1	1	0	1	0	0	1	0	2	0	0	0	1	2	0	0	2000		8	2000
1	1	1	0	0	0	0	0	1	0	0	0	0	0	0	0	1	0	0	2000		0	2000
2	0	0	0	0	0	0	0	0	0	0	1	1	0	0	1	2	0	0	2000		7	2000
3	3	2	2	0	1	0	0	0	0	0	0	0	0	1	0	0	0	0	2000		14	2000
1	4	1	0	0	0	0	1	0	0	0	0	0	0	0	0	0	0	0	2000		8	2000
1	4	0	0	0	0	0	0	0	0	0	0	1	0	0	0	0	0	0	2000		16	2000
3	0	0	0	0	1	1	0	0	0	3	0	0	0	0	0	0	0	0	2000		11	2000
3	2	0	0	1	0	0	0	0	1	1	0	0	1	1	1	0	0	0	2000		26	2000
1	0	1	0	0	0	0	0	2	0	0	0	0	0	1	0	0	0	1	2000		18	2000
1	0	0	0	1	1	0	1	0	1	1	0	0	0	0	0	0	0	0	2000		13	2000
0	4	2	0	0	0	0	0	0	0	0	0	0	0	0	0	0	0	0	2000		8	2000
1	2	2	0	2	1	0	0	0	0	0	0	0	0	0	0	0	0	0	2000		14	2000
0	1	1	1	0	3	0	0	0	1	0	0	0	0	0	0	0	0	0	2000		5	2000
1	1	0	0	0	0	1	1	0	1	0	0	0	0	0	0	0	0	0	2000		10	2000
1	0	0	0	0	0	1	4	0	0	0	0	0	0	0	0	0	0	1	2000		10	2000
4	0	1	0	0	0	0	2	0	0	0	0	0	0	0	0	0	0	0	2000		8	2000
1	3	0	0	0	0	0	1	1	0	0	0	0	0	1	0	0	0	0	2000		4	2000
0	1	1	0	0	0	0	0	0	1	0	2	0	0	0	0	0	1	0	2000		4	2000
1	1	0	1	0	0	0	0	0	0	0	1	0	1	0	0	0	0	0	2000		13	2000
0	3	0	2	0	2	0	0	0	0	0	0	0	0	0	0	0	0	0	2000		7	2000
0	0	0	0	0	0	0	0	0	0	0	1	0	0	0	0	0	0	0	2000		14	2000
2	1	0	0	1	1	0	0	0	0	0	0	0	0	0	1	0	0	0	2000		25	2000
0	0	0	0	0	0	0	0	0	0	0	1	0	0	0	0	0	0	0	2000		8	2000
1	0	1	0	0	0	0	0	0	0	0	0	0	0	0	0	0	0	1	2000		1	2000
2	1	0	0	0	0	0	0	0	1	0	0	0	0	0	0	0	0	0	2000		9	2000
2	1	2	0	1	0	0	2	0	0	0	0	0	1	0	0	2	0	0	2000		5	2000
0	0	0	0	0	0	1	0	0	0	0	0	0	0	0	0	0	0	0	2000		5	2000
2	1	0	2	0	3	1	0	0	1	0	0	0	0	0	0	0	1	0	2000		15	2000
5	1	0	0	0	0	1	0	0	1	1	0	0	0	0	0	0	0	0	2000		23	2000
3	1	1	0	0	0	0	0	1	0	0	1	0	0	0	1	0	0	0	2000		18	2000
3	1	4	0	0	0	0	1	0	0	0	0	0	3	0	0	0	0	0	2000		4	2000
0	4	2	1	0	0	0	0	1	0	0	0	0	1	0	0	0	0	1	2000		3	2000
1	1	0	2	0	0	0	0	0	0	0	0	0	0	1	0	1	0	0	2000		25	2000
1	1	3	3	0	0	0	0	2	0	0	0	0	1	0	0	0	0	0	2000		6	2000
7	3	1	0	4	0	0	1	1	0	0	0	0	1	0	0	0	0	1	2000		4	2000
1	0	2	0	0	0	0	1	0	0	0	0	0	0	0	0	0	0	0	2000		11	2000
2	0	0	0	0	0	0	1	0	1	0	0	0	0	0	0	0	0	1	2000		12	2000
0	2	0	0	1	1	0	0	0	0	0	0	0	0	0	0	0	1	0	2000		7	2000
1	1	1	1	0	0	0	0	0	1	0	0	0	1	0	0	0	0	0	2000		6	2000
0	0	0	0	1	0	1	0	0	0	0	0	0	0	0	0	0	0	0	2000		14	2000
1	2	1	0	2	1	0	0	0	1	0	0	0	0	0	0	0	0	0	2000		7	2000
6	0	0	0	1	0	0	0	0	0	0	0	0	0	1	0	0	0	0	2000		27	2000
2	1	0	0	0	0	3	0	1	1	0	0	0	0	0	0	0	0	0	2000		7	2000
3	1	2	0	1	0	0	0	0	0	0	0	0	0	1	0	0	0	0	2000		8	2000
5	2	0	0	1	1	0	0	0	0	0	0	0	1	0	0	1	0	0	2000		8	2000
0	0	0	0	1	0	0	1	0	0	0	0	0	0	0	0	0	0	1	2000		11	2000
3	0	0	1	0	0	0	0	1	0	0	0	0	0	0	0	0	0	0	2000		3	2000
6	0	1	0	0	0	1	1	0	1	1	0	0	0	0	0	0	0	0	2000		11	2000
4	1	0	0	0	0	0	0	0	0	2	1	3	0	0	0	0	0	0	2000		5	2000
0	3	0	0	0	1	0	0	0	0	0	0	0	0	1	0	0	0	0	2000		12	2000
1	1	0	0	0	2	0	1	0	1	0	0	0	0	0	0	0	1	0	2000		11	2000
4	2	2	0	0	0	0	0	0	0	1	0	0	0	0	0	0	0	0	2000		9	2000
0	2	0	0	1	0	0	0	0	0	0	0	0	0	0	2	0	0	0	2000		1	2000
0	4	1	0	0	0	0	0	0	0	0	0	0	0	0	0	0	0	0	2000		15	2000
2	0	0	6	0	0	0	0	0	0	0	0	0	0	0	0	0	0	0	2000		17	2000
0	0	1	1	1	0	0	0	0	0	0	0	0	0	0	0	0	0	0	2000		9	2000
4	0	0	1	0	0	0	0	0	0	0	1	0	0	0	0	0	1	0	2000		5	2000
0	1	1	1	1	2	1	0	0	0	0	0	0	0	0	1	0	0	0	2000		9	2000
3	0	1	2	0	3	0	1	1	0	1	0	0	0	0	0	1	1	0	2000		12	2000
1	0	2	1	1	1	0	1	0	1	0	2	0	0	0	0	1	1	0	2000		22	2000
1	1	0	0	1	1	0	0	0	0	0	0	2	0	1	1	0	0	0	2000		17	2000
0	1	0	1	0	0	0	0	0	0	1	1	1	0	0	0	1	1	0	2000		3	2000
1	2	0	0	0	1	0	0	0	0	0	0	0	0	0	0	0	0	0	2000		13	2000
0	1	0	0	1	0	1	2	1	0	0	0	0	0	1	0	0	0	0	2000		10	2000
0	2	0	0	0	0	0	2	0	1	0	0	1	0	0	0	0	0	0	2000		6	2000
0	1	0	0	0	1	0	0	0	0	0	0	0	1	0	0	0	0	0	2000		5	2000
0	1	0	0	0	2	0	0	0	0	0	0	0	0	0	0	1	0	1	2000		27	2000
0	2	1	0	0	1	0	1	0	0	0	0	1	0	0	0	0	0	0	2000		2	2000
2	1	0	0	0	0	0	0	0	0	0	0	0	1	0	0	0	0	0	2000		3	2000
0	1	0	0	0	0	0	1	0	0	0	0	0	1	0	0	0	0	0	2000		25	2000
1	1	0	0	1	0	0	0	0	0	1	0	0	0	0	0	0	0	0	2000		2	2000
2	3	0	2	0	0	1	0	0	0	0	0	0	0	0	0	0	0	1	2000		15	2000
3	0	3	0	0	0	1	0	1	0	1	0	0	0	0	0	0	0	0	2000		5	2000
0	4	1	2	1	0	0	0	0	0	0	0	0	0	0	0	1	1	0	2000		6	2000
3	2	0	1	0	0	0	1	0	1	0	0	0	0	0	0	0	0	0	2000		12	2000
5	2	0	1	3	0	0	0	0	0	0	0	2	1	0	1	0	0	0	2000		1	2000
1	3	0	0	2	1	0	2	1	0	0	1	0	0	1	0	2	0	0	2000		11	2000
5	0	1	1	0	2	0	0	0	0	0	0	0	0	0	0	0	0	0	2000		6	2000
4	1	1	0	1	0	0	1	0	0	0	0	0	0	0	0	0	0	0	2000		14	2000
2	0	2	0	0	0	0	0	0	0	0	0	0	0	0	0	0	0	0	2000		26	2000
1	2	0	0	1	0	0	0	0	0	0	0	0	0	0	0	0	0	0	2000		2	2000
8	2	1	1	1	0	2	0	0	1	0	0	1	0	1	0	0	0	0	2000		2	2000
6	2	1	0	0	0	0	0	0	2	0	1	0	0	0	0	0	0	0	2000		9	2000
0	1	1	3	2	0	0	0	0	0	0	0	0	0	0	0	0	0	0	2000		2	2000
3	2	0	1	0	1	0	1	0	1	0	0	0	0	0	0	0	0	0	2000		2	2000
1	2	2	3	2	0	0	2	0	0	0	0	0	0	1	0	0	0	0	2000		3	2000
6	0	2	0	0	0	1	1	0	0	0	0	0	0	0	0	0	0	0	2000		6	2000
0	1	1	0	0	0	1	0	0	0	1	0	0	1	0	0	0	0	0	2000		18	2000
0	1	0	2	0	0	0	0	0	0	0	0	0	0	0	0	0	0	0	2000		14	2000
0	1	1	0	0	0	0	0	0	0	0	0	0	0	0	0	0	0	0	2000		7	2000
2	4	3	0	0	1	1	0	1	0	0	0	0	0	2	0	0	0	0	2000		11	2000
5	0	0	2	1	0	0	1	1	0	0	0	0	0	0	0	0	0	0	2000		9	2000
0	4	0	1	1	0	0	0	0	0	0	0	2	0	0	0	0	0	0	2000		4	2000
5	1	1	0	0	0	0	0	0	0	0	0	0	0	0	0	1	0	0	2000		13	2000
2	0	0	0	0	0	0	0	0	0	1	1	0	0	0	0	0	0	0	2000		8	2000
0	1	0	0	0	0	1	0	0	1	0	1	0	0	0	0	0	0	0	2000		8	2000
2	1	1	1	0	0	0	0	1	2	0	1	0	1	0	0	0	1	0	2000		8	2000
1	2	1	1	0	0	0	0	0	0	0	0	0	0	0	0	0	0	0	2000		5	2000
3	5	0	0	0	1	0	0	0	0	2	0	0	1	0	0	0	0	0	2000		1	2000
0	1	0	1	0	2	0	0	0	0	0	0	0	0	0	0	0	1	0	2000		12	2000
5	1	0	0	1	0	1	0	1	1	0	0	1	0	0	0	0	0	0	2000		6	2000
2	1	1	0	1	0	0	0	0	0	0	0	0	0	0	1	0	0	1	2000		19	2000
3	3	0	0	1	0	1	1	0	0	0	0	0	0	1	1	0	0	0	2000		2	2000
1	1	0	0	0	0	1	0	0	0	0	0	0	0	0	0	1	0	0	2000		11	2000
1	0	3	2	0	0	0	0	0	0	0	1	1	0	0	0	0	0	0	2000		4	2000
5	3	0	0	1	0	0	0	0	0	0	0	0	0	0	0	0	0	0	2000		14	2000
2	0	0	0	0	2	0	0	0	0	0	0	0	0	0	0	0	0	1	2000		8	2000
5	1	1	0	1	0	0	0	0	0	0	0	0	0	0	0	1	0	0	2000		11	2000
3	1	1	0	1	0	0	0	0	0	0	0	0	0	0	0	0	0	0	2000		3	2000
0	0	1	1	1	1	1	0	0	2	0	0	1	0	0	0	0	0	0	2000		3	2000
0	1	0	0	2	0	0	0	1	0	0	0	0	0	0	0	0	0	1	2000		2	2000
2	0	0	0	0	0	0	0	0	0	1	1	0	0	1	0	0	0	0	2000		7	2000
3	3	2	0	2	0	0	1	0	0	0	1	0	0	0	0	1	0	0	2000		11	2000
1	2	0	0	1	0	0	1	0	0	0	1	1	0	0	0	1	0	0	2000		2	2000
1	3	2	0	0	0	0	0	0	0	0	0	0	0	0	1	0	0	0	2000		17	2000
1	0	2	0	0	0	0	0	1	0	0	0	0	0	0	0	0	0	0	2000		3	2000
0	2	0	0	0	0	1	0	0	1	0	1	0	0	0	0	0	0	0	2000		0	2000
2	2	0	0	0	1	1	0	0	0	0	0	0	0	0	0	0	0	0	2000		23	2000
1	0	0	1	0	0	0	0	1	0	0	0	0	0	0	0	0	0	0	2000		5	2000
1	1	1	0	0	1	0	0	0	1	0	1	0	0	1	0	0	0	0	2000		13	2000
4	0	0	0	2	0	0	0	0	0	0	0	0	0	0	0	0	0	0	2000		8	2000
1	2	0	1	0	0	2	2	0	0	1	0	0	0	0	0	0	0	0	2000		3	2000
2	2	0	0	0	0	0	0	0	0	0	0	0	0	0	0	0	0	0	2000		29	2000
3	0	0	0	0	0	0	0	0	0	0	0	1	0	0	0	0	0	0	2000		21	2000
0	0	0	0	3	0	0	0	0	0	0	0	2	0	0	0	0	0	1	2000		15	2000
4	0	0	1	0	0	0	0	1	1	1	0	1	0	0	0	0	0	0	2000		7	2000
1	0	1	0	1	1	0	2	0	0	0	0	0	0	0	0	0	0	0	2000		16	2000
2	2	1	0	1	0	0	0	1	0	0	0	0	0	0	1	0	0	0	2000		5	2000
4	0	1	0	1	1	0	0	1	0	0	0	0	0	0	0	0	0	0	2000		11	2000
4	2	0	0	2	0	0	0	0	1	0	0	0	0	0	0	1	0	0	2000		7	2000
4	0	1	0	0	1	0	0	1	0	0	0	0	0	0	0	0	0	0	2000		17	2000
5	0	0	1	0	0	0	1	0	0	0	0	1	0	1	0	0	0	0	2000		3	2000
4	0	0	0	0	1	0	0	0	0	0	0	0	0	0	0	0	0	0	2000		3	2000
5	1	0	4	0	1	0	0	0	1	1	2	0	0	0	0	0	0	0	2000		7	2000
5	0	1	0	0	3	0	0	0	0	0	0	0	0	0	0	0	0	0	2000		4	2000
0	1	2	2	0	0	0	0	0	0	0	0	0	0	0	0	0	0	1	2000		17	2000
2	3	1	0	0	0	0	0	1	0	0	0	0	0	0	0	0	1	0	2000		21	2000
4	2	1	0	1	0	0	0	1	0	1	0	0	0	0	0	1	0	0	2000		15	2000
6	0	0	0	0	1	0	0	1	0	0	0	0	0	0	0	0	0	0	2000		11	2000
2	0	2	0	1	0	0	1	0	0	0	0	0	0	0	0	0	0	0	2000		19	2000
3	1	0	0	0	0	0	0	1	1	0	0	0	1	0	0	0	0	0	2000		10	2000
4	1	1	0	0	0	0	0	2	0	0	1	0	0	2	0	0	0	1	2000		17	2000
1	0	2	0	2	0	1	0	0	0	0	0	0	0	0	1	0	0	0	2000		6	2000
0	1	0	0	0	1	0	0	0	0	1	0	1	0	0	0	0	1	0	2000		3	2000
0	0	0	0	0	1	0	1	0	0	0	0	0	0	1	0	0	0	0	2000		10	2000
3	2	0	2	1	0	0	0	0	0	0	0	0	0	0	0	0	0	0	2000		28	2000
1	3	0	0	0	0	0	0	0	0	0	0	0	0	0	0	1	0	0	2000		12	2000
2	3	2	0	0	0	1	0	0	0	0	0	1	0	0	0	0	0	1	2000		9	2000
1	0	0	1	0	0	1	1	0	0	1	1	0	0	0	0	0	0	0	2000		2	2000
1	0	0	1	0	2	0	0	1	0	0	2	0	0	0	0	1	0	0	2000		10	2000
1	0	0	0	0	0	0	0	0	0	0	0	0	0	1	0	0	0	0	2000		25	2000
0	0	0	0	0	0	1	0	0	0	0	0	0	0	1	0	0	0	1	2000		12	2000
0	0	0	0	1	1	0	0	0	0	0	0	0	0	0	1	0	0	0	2000		2	2000
1	1	1	0	3	0	0	0	0	0	0	0	1	0	0	0	0	0	0	2000		6	2000
1	1	2	2	1	0	0	0	0	0	0	0	0	1	0	0	0	0	0	2000		2	2000
0	2	0	0	0	0	0	0	0	0	1	1	0	0	1	0	0	0	0	2000		3	2000
0	4	2	0	0	0	0	1	0	0	0	0	0	0	0	0	0	0	0	2000		5	2000
0	1	0	0	0	2	1	0	0	1	0	0	0	1	0	0	0	0	1	2000		2	2000
3	2	0	1	0	0	0	0	0	0	1	1	0	0	0	0	0	0	0	2000		0	2000
0	1	1	0	0	0	0	1	0	0	0	0	0	0	0	2	0	0	0	2000		10	2000
0	1	1	0	0	0	0	0	0	0	2	0	0	0	0	0	0	0	0	2000		4	2000
1	1	0	0	0	0	0	1	0	0	0	0	0	0	0	0	0	0	0	2000		7	2000
5	1	0	0	0	0	0	0	0	0	0	0	0	0	1	0	0	0	0	2000		13	2000
2	3	0	0	0	0	2	0	0	0	0	1	0	0	0	0	0	0	1	2000		22	2000
2	0	0	0	0	0	1	0	0	0	0	0	0	1	0	0	0	0	0	2000		0	2000
1	1	4	2	0	0	0	1	1	0	0	0	0	1	0	0	0	1	0	2000		4	2000
0	2	0	0	0	0	1	1	0	0	1	0	0	0	0	0	0	0	0	2000		6	2000
2	2	0	0	2	1	0	1	1	0	1	1	0	0	0	0	0	0	0	2000		7	2000
2	4	0	1	0	1	0	0	0	0	1	0	0	0	0	0	0	0	0	2000		34	2000
2	0	1	0	1	0	0	0	0	0	0	0	0	0	0	0	0	0	0	2000		11	2000
1	0	0	0	2	1	0	0	1	0	0	0	0	0	0	0	0	0	0	2000		2	2000
4	0	0	0	2	0	0	0	0	0	0	0	0	0	0	0	0	0	1	2000		4	2000
0	0	1	1	0	0	0	0	0	0	0	0	0	0	0	0	0	0	0	2000		6	2000
0	1	0	0	0	0	0	0	0	1	1	0	0	0	0	0	0	0	0	2000		2	2000
1	3	0	1	0	0	0	0	0	0	0	0	1	0	0	0	0	0	0	2000		4	2000
2	1	0	0	0	2	0	0	0	0	1	0	0	0	0	0	0	0	0	2000		11	2000
6	1	2	0	0	0	0	3	0	0	0	0	0	0	0	0	0	0	0	2000		5	2000
7	2	0	1	0	0	0	0	1	0	0	0	1	0	1	0	0	0	0	2000		6	2000
1	0	1	0	4	0	0	1	1	0	0	0	0	0	0	0	0	0	0	2000		0	2000
4	2	1	0	0	0	0	1	0	0	0	0	0	1	3	0	0	0	0	2000		9	2000
0	3	1	0	1	0	0	0	0	1	1	0	0	0	1	0	1	0	0	2000		7	2000
2	1	1	0	0	0	0	0	0	1	0	0	1	0	0	0	1	0	0	2000		23	2000
1	3	0	1	0	0	0	0	0	0	0	0	0	0	0	0	0	0	0	2000		4	2000
1	2	0	0	1	0	1	0	2	0	0	0	0	0	0	0	0	0	0	2000		8	2000
4	0	1	0	0	0	1	0	1	0	0	0	0	0	1	0	0	0	0	2000		1	2000
2	1	1	0	0	0	0	0	0	0	1	0	1	0	0	0	0	0	0	2000		9	2000
1	0	0	0	0	0	0	0	1	0	0	0	0	1	0	0	0	0	0	2000		6	2000
2	1	0	0	0	0	1	0	0	1	0	0	0	0	0	0	0	0	0	2000		19	2000
14	1	0	0	0	0	1	1	0	0	0	0	0	0	0	1	0	0	0	2000		4	2000
1	0	0	3	0	0	0	0	1	0	0	0	1	0	0	0	2	0	0	2000		11	2000
2	0	0	0	0	1	0	1	0	0	0	0	1	0	0	0	0	0	0	2000		11	2000
3	2	0	0	0	0	0	0	0	0	0	0	1	0	0	0	0	0	0	2000		12	2000
6	1	0	0	1	1	0	0	0	2	0	0	0	0	0	0	0	0	0	2000		3	2000
2	2	2	0	0	2	0	0	1	0	0	0	1	0	1	0	0	0	0	2000		7	2000
3	4	0	0	0	0	0	0	2	0	0	0	0	0	0	1	0	0	0	2000		4	2000
0	1	1	0	0	0	0	0	1	0	0	0	0	0	1	0	0	0	0	2000		14	2000
1	0	0	0	0	0	0	0	0	0	1	0	0	0	0	0	1	0	0	2000		7	2000
1	2	1	1	0	0	0	0	0	0	0	0	1	0	0	0	0	0	0	2000		13	2000
0	2	0	0	1	0	1	0	0	2	1	0	1	0	0	0	1	0	0	2000		12	2000
3	5	0	0	1	0	0	0	2	1	1	0	0	0	0	0	0	0	0	2000		13	2000
2	1	0	0	0	1	0	0	0	0	0	1	0	0	0	0	1	0	0	2000		15	2000
1	0	1	2	1	2	0	1	0	0	0	0	0	0	0	0	0	0	0	2000		26	2000
8	3	0	0	1	1	0	0	0	0	0	0	0	0	0	0	0	0	0	2000		20	2000
0	0	0	0	3	1	1	0	0	0	0	0	0	0	0	1	0	0	0	2000		37	2000
2	2	3	0	0	1	0	0	0	0	0	0	0	0	0	1	0	0	0	2000		16	2000
0	0	1	1	0	1	1	0	0	0	0	0	0	1	0	0	0	0	0	2000		7	2000
1	0	0	1	0	0	0	0	0	1	0	1	2	1	0	0	0	0	0	2000		10	2000
2	1	0	0	0	0	0	2	0	0	0	0	0	0	0	0	0	0	0	2000		16	2000
1	2	2	0	1	0	0	0	0	0	0	0	0	0	0	0	1	0	0	2000		17	2000
1	3	0	1	1	0	0	0	1	0	0	0	0	0	0	0	0	0	0	2000		13	2000
0	0	2	0	1	2	0	2	0	0	0	0	1	0	0	0	0	1	0	2000		25	2000
0	1	2	0	0	0	0	1	0	0	0	0	0	0	0	1	1	0	0	2000		2	2000
3	1	1	1	0	1	0	0	0	0	0	0	0	0	0	0	0	0	0	2000		1	2000
1	1	1	0	0	0	0	0	2	0	0	0	0	0	0	0	0	0	0	2000		11	2000
0	0	1	2	0	0	1	0	1	0	0	0	0	0	0	0	0	0	0	2000		9	2000
2	4	0	0	0	0	1	0	1	0	1	0	0	1	0	0	0	0	0	2000		7	2000
3	1	3	0	0	0	1	0	0	1	1	0	0	0	0	0	0	0	0	2000		9	2000
1	2	0	0	0	0	0	0	0	1	0	0	0	0	1	0	0	0	0	2000		19	2000
3	0	1	0	0	0	1	0	0	0	0	0	0	0	1	0	0	0	0	2000		5	2000
6	0	0	0	0	0	0	1	0	1	0	0	0	0	0	0	0	0	1	2000		3	2000
0	1	1	0	0	0	1	0	0	2	0	2	0	0	0	0	0	0	0	2000		31	2000
6	0	0	1	0	1	0	1	0	0	0	0	0	0	0	0	0	0	0	2000		13	2000
0	0	0	1	0	0	0	0	0	0	0	0	0	0	1	0	0	0	0	2000		4	2000
1	2	1	0	0	0	0	0	1	0	0	0	0	0	0	0	0	0	0	2000		12	2000
4	1	0	0	0	0	1	0	0	0	2	0	0	1	0	0	0	0	0	2000		4	2000
0	2	0	0	0	0	0	1	0	0	0	1	0	0	0	0	0	0	0	2000		3	2000
1	3	1	0	0	1	0	0	0	1	0	0	0	0	0	0	0	0	0	2000		10	2000
0	1	1	0	0	3	0	2	0	0	0	1	2	0	0	0	0	0	0	2000		4	2000
1	4	0	0	0	2	0	0	0	4	0	0	0	0	0	0	0	0	0	2000		3	2000
2	0	0	1	0	1	0	1	0	1	1	0	0	0	0	0	1	0	1	2000		3	2000
2	0	0	1	0	1	0	0	0	0	0	0	0	0	0	1	0	0	0	2000		11	2000
1	1	0	3	1	0	1	2	0	0	1	0	0	0	0	0	0	0	0	2000		18	2000
2	3	0	0	2	1	0	0	0	0	0	0	0	0	0	0	0	0	0	2000		3	2000
2	1	1	2	1	0	0	1	0	1	0	0	0	0	1	0	0	0	0	2000		2	2000
2	1	0	1	0	1	1	0	1	0	0	0	0	0	0	1	0	0	0	2000		4	2000
2	0	3	0	0	0	0	1	0	2	0	0	0	0	0	0	0	0	0	2000		22	2000
0	1	0	0	0	0	0	0	0	1	1	0	0	1	0	0	0	0	0	2000		10	2000
3	1	0	0	0	0	0	1	0	0	0	0	0	0	0	0	0	0	1	2000		12	2000
0	5	0	2	1	0	2	0	1	0	0	0	0	0	0	0	1	0	0	2000		31	2000
3	1	1	0	0	1	0	0	0	0	0	0	0	0	0	0	0	0	0	2000		18	2000
1	0	0	0	1	0	0	1	1	0	0	0	1	0	0	0	1	0	0	2000		15	2000
13	0	0	0	0	2	0	0	1	0	0	0	0	0	0	0	0	0	0	2000		6	2000
0	3	0	1	1	0	0	0	0	2	0	0	0	0	0	0	0	0	0	2000		9	2000
4	1	0	0	2	0	0	0	0	0	0	0	0	0	0	0	0	0	0	2000		7	2000
2	1	0	2	0	0	0	0	1	0	0	0	0	0	0	0	0	0	0	2000		21	2000
4	0	1	0	0	1	0	1	0	1	1	0	1	2	0	0	0	0	1	2000		4	2000
1	0	0	2	1	0	0	0	1	0	0	0	1	0	0	0	1	1	0	2000		14	2000
1	1	2	0	0	0	0	1	1	0	0	0	0	0	0	0	0	0	0	2000		10	2000
1	4	0	0	0	0	0	0	0	0	0	0	0	0	0	0	1	0	0	2000		12	2000
2	1	0	0	0	0	1	2	0	0	0	0	0	0	0	0	0	0	0	2000		7	2000
1	0	1	3	0	0	1	0	0	0	0	1	1	0	1	0	0	0	0	2000		0	2000
3	2	0	0	0	0	0	0	0	0	0	0	0	1	1	0	0	0	0	2000		38	2000
0	1	1	0	1	0	1	0	1	0	0	0	0	1	0	0	0	0	0	2000		7	2000
4	2	1	0	1	0	0	0	0	1	0	0	0	0	1	0	0	0	1	2000		8	2000
3	4	0	1	1	0	0	1	1	0	0	0	0	1	1	0	0	0	0	2000		5	2000
2	1	0	0	0	0	0	0	2	1	0	1	1	0	0	0	0	0	0	2000		6	2000
0	0	0	0	0	0	0	1	0	0	1	0	1	0	0	0	0	0	0	2000		9	2000
2	0	1	0	1	4	0	0	3	0	0	0	0	0	0	0	0	0	0	2000		12	2000
1	1	0	1	1	0	0	0	0	0	1	0	0	1	1	0	0	0	0	2000		6	2000
2	0	0	0	0	0	1	1	0	0	0	0	0	0	0	0	0	0	0	2000		8	2000
2	0	2	0	1	1	0	1	0	0	0	0	0	0	1	0	0	0	0	2000		3	2000
1	0	0	0	0	0	0	0	0	0	0	0	0	0	0	0	1	1	0	2000		6	2000
0	0	0	1	1	0	1	0	0	0	0	1	0	0	1	0	0	0	0	2000		6	2000
1	0	1	0	0	1	0	0	0	0	2	0	0	0	0	1	1	0	0	2000		7	2000
2	1	1	0	0	0	0	0	0	0	0	0	0	0	0	0	0	0	0	2000		3	2000
4	2	1	0	1	0	0	0	0	0	0	0	0	0	0	0	1	0	0	2000		7	2000
3	2	0	0	0	1	0	3	0	0	0	0	0	0	0	0	0	0	0	2000		4	2000
3	1	0	3	1	0	0	0	0	0	0	1	0	0	1	0	0	0	0	2000		6	2000
2	0	2	0	0	0	1	0	0	0	1	1	0	0	0	0	0	0	0	2000		0	2000
3	2	0	0	0	0	1	1	1	0	0	1	0	1	0	0	0	0	0	2000		4	2000
3	0	0	1	0	0	2	0	0	0	0	0	0	0	0	1	0	0	0	2000		7	2000
3	1	0	3	0	0	0	0	2	0	0	1	0	0	0	0	0	0	0	2000		15	2000
0	0	2	0	1	1	0	1	0	0	0	0	0	1	0	0	0	0	2	2000		4	2000
3	0	0	1	0	1	1	0	0	0	0	0	0	0	0	0	0	1	0	2000		22	2000
2	0	0	0	0	3	0	0	0	1	0	0	0	0	0	0	1	0	0	2000		15	2000
5	1	0	1	0	0	0	0	0	0	0	0	0	0	0	0	0	0	1	2000		4	2000
0	0	0	0	0	0	0	0	0	0	0	0	1	0	0	1	1	0	0	2000		3	2000
0	2	0	0	0	1	0	0	2	0	0	0	0	1	0	0	0	0	1	2000		10	2000
0	0	0	0	1	0	0	0	0	0	0	0	0	0	0	0	1	0	0	2000		3	2000
2	1	1	0	0	0	0	0	1	0	0	0	0	0	0	0	0	1	0	2000		9	2000
4	1	0	1	0	0	1	0	0	0	0	0	0	0	0	0	0	0	0	2000		19	2000
1	1	1	1	1	1	0	0	0	0	0	0	0	0	0	0	0	0	0	2000		20	2000
3	1	1	0	0	1	0	0	0	0	0	0	2	0	0	1	0	0	0	2000		27	2000
1	0	1	1	0	0	1	1	0	0	0	0	0	0	0	0	0	0	0	2000		20	2000
6	5	1	1	1	0	1	1	0	0	0	0	0	0	0	0	0	1	0	2000		21	2000
4	0	0	0	1	0	0	2	0	0	0	0	0	0	0	1	0	1	0	2000		8	2000
5	0	1	1	0	0	0	1	0	0	2	0	1	0	1	0	0	0	0	2000		2	2000
2	1	0	0	0	0	1	0	0	0	0	0	0	0	0	0	0	0	0	2000		10	2000
3	0	1	0	2	0	0	0	0	1	0	1	0	0	0	1	0	0	0	2000		11	2000
1	1	2	1	1	1	0	1	0	1	1	0	0	0	0	0	0	0	0	2000		19	2000
2	0	1	0	1	0	0	1	0	1	0	1	1	0	0	1	0	0	0	2000		19	2000
1	4	0	0	1	0	0	0	0	1	0	0	0	0	0	0	1	0	0	2000		6	2000
6	0	1	0	0	0	3	0	0	0	0	0	0	0	0	0	0	0	0	2000		6	2000
0	0	0	2	0	0	1	1	0	1	0	0	0	0	0	0	0	0	0	2000		6	2000
2	0	2	1	1	0	0	0	0	1	0	0	0	0	0	0	0	0	0	2000		9	2000
7	0	0	0	0	1	0	0	0	1	0	0	0	0	0	0	0	0	0	2000		7	2000
1	3	0	0	0	0	1	0	0	0	0	0	0	1	0	0	0	0	0	2000		9	2000
1	0	0	0	0	2	0	1	0	0	0	0	1	1	0	0	0	0	0	2000		0	2000
3	0	1	1	1	0	0	1	0	1	0	1	0	0	0	0	0	0	0	2000		6	2000
4	1	0	0	1	0	0	0	0	0	0	1	0	0	0	0	0	0	0	2000		5	2000
2	1	1	0	0	0	0	2	1	0	0	1	0	0	0	1	0	0	0	2000		17	2000
0	0	0	1	0	0	0	0	1	0	0	0	0	1	0	0	0	0	0	2000		4	2000
2	0	0	1	0	0	1	1	1	0	0	0	0	0	0	0	0	0	0	2000		4	2000
0	0	0	1	0	0	1	1	0	1	0	0	0	0	0	1	1	1	0	2000		0	2000
0	0	2	0	0	0	1	0	0	0	0	0	1	0	0	1	0	0	0	2000		8	2000
5	4	1	0	0	1	0	1	0	0	0	0	2	0	0	0	1	0	0	2000		32	2000
2	2	0	0	1	1	0	0	0	2	0	0	0	0	0	0	0	0	0	2000		8	2000
4	0	2	0	0	0	0	0	0	0	0	0	1	0	0	0	0	0	0	2000		20	2000
3	3	0	1	0	1	0	2	0	1	0	0	0	0	0	0	0	0	0	2000		2	2000
0	0	0	0	1	0	0	0	1	0	0	0	0	0	1	0	0	0	0	2000		13	2000
4	0	0	2	0	1	0	0	0	0	0	0	1	0	0	1	0	0	0	2000		4	2000
8	2	2	0	0	0	0	1	0	0	0	0	0	0	0	0	0	0	0	2000		10	2000
5	0	0	0	1	0	0	0	0	0	0	0	0	0	0	0	0	0	0	2000		10	2000
8	4	0	0	1	0	0	0	0	0	1	0	0	0	0	0	0	0	0	2000		16	2000
0	0	0	0	1	2	0	0	1	0	0	1	0	0	0	0	1	0	0	2000		2	2000
1	1	0	0	0	1	2	0	0	0	0	0	0	0	0	0	0	0	0	2000		20	2000
1	0	1	0	1	0	0	1	0	1	1	0	1	0	0	0	0	0	0	2000		3	2000
1	1	2	0	0	0	0	0	0	0	0	1	0	0	0	0	0	0	0	2000		22	2000
4	0	0	2	0	1	1	0	0	0	0	0	0	0	1	0	0	0	0	2000		3	2000
3	1	0	1	0	1	0	0	0	0	2	0	0	0	0	0	0	0	0	2000		15	2000
7	4	4	2	1	0	0	0	0	0	0	0	0	0	0	0	0	0	0	2000		6	2000
0	0	2	0	1	1	0	0	0	0	0	1	1	0	0	0	0	0	0	2000		12	2000
2	1	1	0	0	1	0	1	0	0	1	0	0	0	0	0	0	0	0	2000		20	2000
1	0	0	0	1	0	0	2	1	0	0	0	0	0	0	0	1	0	0	2000		10	2000
1	1	1	0	0	0	0	1	0	0	0	0	0	0	0	0	0	0	0	2000		10	2000
1	1	2	0	0	0	0	0	0	0	0	1	0	0	0	0	0	0	0	2000		16	2000
0	4	0	0	0	3	0	0	0	0	0	0	0	0	1	0	0	0	0	2000		3	2000
1	1	3	0	0	0	1	0	0	0	0	0	0	0	0	0	0	0	0	2000		8	2000
1	0	2	0	0	0	3	0	0	0	0	0	1	0	0	1	0	0	0	2000		10	2000
2	0	1	1	0	1	1	0	0	0	0	1	0	0	0	0	0	1	0	2000		17	2000
0	0	3	0	0	0	0	0	1	0	1	1	0	0	1	0	0	0	0	2000		13	2000
2	0	0	0	0	0	0	1	0	0	0	0	0	0	0	1	0	0	0	2000		14	2000
7	1	1	0	1	1	0	0	1	0	0	0	0	0	0	0	0	0	0	2000		5	2000
5	0	0	0	0	0	0	0	0	0	0	0	0	1	1	0	0	0	1	2000		11	2000
0	0	1	0	0	0	0	3	0	0	1	1	0	0	1	0	0	0	1	2000		4	2000
0	0	1	0	0	1	0	1	0	0	0	0	0	0	0	0	0	0	0	2000		9	2000
0	0	0	0	2	0	0	1	1	0	1	0	0	0	0	0	0	0	0	2000		16	2000
1	0	0	0	0	3	0	0	0	0	0	0	0	0	0	0	0	0	0	2000		23	2000
0	0	2	0	1	0	1	0	1	0	0	1	0	1	1	0	0	0	0	2000		7	2000
2	2	1	0	0	0	0	0	0	0	0	0	1	0	0	1	0	1	0	2000		5	2000
4	0	1	2	0	0	0	0	0	0	0	1	0	0	0	0	0	0	2	2000		15	2000
1	1	0	0	0	0	1	1	0	0	0	0	0	0	0	0	0	0	0	2000		18	2000
2	0	0	2	0	0	2	2	0	0	0	0	0	1	0	0	0	0	0	2000		12	2000
0	2	0	1	1	0	1	0	1	1	0	0	0	0	0	0	0	0	0	2000		10	2000
0	8	0	0	0	1	0	0	0	0	0	1	0	0	0	0	0	1	0	2000		6	2000
3	2	0	0	0	1	0	0	0	0	0	0	0	0	0	0	0	0	0	2000		18	2000
0	1	1	0	0	0	0	0	0	0	0	0	0	0	0	0	0	0	0	2000		7	2000
1	2	1	0	0	2	0	1	0	2	1	0	0	0	0	1	0	0	0	2000		5	2000
8	0	0	0	0	2	0	1	0	0	1	0	0	1	0	1	0	0	0	2000		11	2000
2	1	0	1	0	0	0	0	0	1	0	0	0	0	0	0	0	0	0	2000		5	2000
2	1	0	0	3	0	0	0	0	0	0	0	0	0	0	0	0	1	0	2000		5	2000
2	4	0	0	0	1	0	0	0	1	0	0	0	0	0	0	0	0	0	2000		1	2000
1	1	1	0	0	0	1	1	0	0	0	0	1	0	1	0	0	0	0	2000		10	2000
2	0	0	0	0	0	1	1	0	0	0	0	0	0	0	0	0	0	0	2000		23	2000
0	5	0	2	0	1	0	0	0	0	0	0	0	0	1	0	0	0	0	2000		11	2000
4	1	0	0	0	0	1	0	0	0	0	0	0	0	0	0	0	0	0	2000		17	2000
5	1	1	1	0	0	0	0	0	0	0	0	0	0	0	0	0	0	0	2000		8	2000
5	0	2	0	1	0	0	1	0	0	0	0	0	1	0	0	0	0	0	2000		16	2000
1	4	0	0	2	0	1	0	0	0	0	0	0	0	0	0	0	0	0	2000		16	2000
2	2	1	0	0	0	0	0	0	0	0	0	1	1	0	0	0	0	0	2000		6	2000
7	0	0	1	0	0	1	0	0	0	1	0	0	0	0	0	0	0	0	2000		3	2000
1	0	3	1	3	0	1	0	0	0	0	1	0	0	0	0	0	0	0	2000		8	2000
1	1	0	3	0	1	0	0	0	0	0	1	0	0	0	0	0	0	0	2000		8	2000
2	2	0	3	0	0	0	0	1	0	0	0	0	0	0	0	0	0	0	2000		8	2000
2	0	3	0	0	1	0	1	0	0	0	0	2	0	0	0	0	0	1	2000		22	2000
3	0	0	0	2	0	0	0	1	0	1	0	0	0	0	0	0	0	0	2000		3	2000
5	0	0	0	0	0	0	0	0	1	0	0	1	0	0	0	0	0	0	2000		8	2000
0	4	0	1	0	0	2	0	1	1	0	0	0	0	0	0	0	1	0	2000		11	2000
1	0	1	0	0	0	1	0	0	0	0	0	0	0	0	0	0	1	0	2000		9	2000
8	2	0	0	1	0	0	0	0	0	0	0	0	0	0	0	0	0	0	2000		7	2000
1	1	1	1	0	2	0	0	1	0	0	0	0	1	0	0	0	0	0	2000		10	2000
4	0	2	0	0	0	0	0	0	0	1	0	0	0	0	0	0	0	0	2000		11	2000
4	0	0	0	0	1	0	0	0	0	0	0	0	0	0	0	1	0	0	2000		31	2000
6	1	0	2	0	0	0	0	0	0	0	0	0	0	0	0	0	0	0	2000		4	2000
1	1	0	0	1	0	0	0	1	0	0	0	0	0	1	2	0	0	0	2000		5	2000
3	1	0	1	0	0	0	0	0	0	0	0	0	0	0	0	0	1	0	2000		8	2000
1	4	0	0	0	0	0	0	0	0	0	2	0	0	0	0	0	0	0	2000		25	2000
1	0	0	0	1	1	2	0	1	0	0	0	0	0	0	0	0	0	0	2000		6	2000
6	0	0	0	1	1	0	0	0	0	0	0	0	0	0	0	0	0	0	2000		2	2000
2	1	3	0	0	0	0	0	0	1	1	0	0	0	0	1	0	0	0	2000		3	2000
1	0	0	0	0	0	0	0	0	0	0	0	0	0	0	0	1	0	0	2000		1	2000
2	0	0	0	0	0	0	0	0	0	1	0	0	0	0	1	1	0	0	2000		16	2000
2	1	0	0	2	0	1	0	0	0	0	0	0	0	0	0	0	1	1	2000		3	2000
1	1	0	0	0	0	0	0	0	1	0	0	0	0	0	0	0	0	0	2000		1	2000
1	1	0	0	1	0	0	0	0	0	0	0	0	0	0	0	0	0	0	2000		12	2000
1	0	1	0	0	0	0	0	0	0	0	0	0	0	0	0	0	0	0	2000		12	2000
4	1	0	0	0	0	0	0	0	0	0	0	0	1	0	1	0	0	0	2000		19	2000
0	2	0	0	1	0	0	0	0	1	0	0	0	0	0	0	0	1	0	2000		19	2000
2	0	0	1	2	0	0	0	0	0	0	1	0	2	0	0	0	0	0	2000		0	2000
1	3	0	0	1	0	0	0	0	0	0	0	0	0	0	0	0	0	0	2000		13	2000
4	1	0	0	0	0	0	0	0	0	0	0	0	0	0	0	0	0	0	2000		21	2000
2	0	1	1	0	0	0	1	1	0	0	0	0	0	0	0	0	0	0	2000		12	2000
4	0	1	0	0	0	0	0	0	0	0	0	0	1	0	0	0	0	0	2000		10	2000
1	0	3	3	0	1	0	1	0	0	0	0	0	0	0	0	0	0	0	2000		2	2000
0	1	0	2	0	0	0	0	0	0	0	0	1	0	1	0	0	0	1	2000		6	2000
2	0	1	0	1	1	0	2	0	0	0	1	1	0	1	0	0	0	0	2000		10	2000
2	0	0	0	0	1	0	1	0	0	0	0	0	0	0	0	0	0	0	2000		2	2000
2	2	0	0	0	0	0	0	0	0	1	0	0	0	0	0	0	0	0	2000		8	2000
3	0	0	1	0	0	0	0	0	0	0	0	0	0	0	0	1	0	0	2000		13	2000
8	1	0	0	0	0	0	1	0	0	0	0	0	0	0	0	0	0	0	2000		23	2000
2	1	0	0	0	0	0	0	1	0	0	0	0	0	0	0	1	0	0	2000		3	2000
2	0	1	1	0	0	0	0	0	0	0	0	0	0	0	0	0	1	0	2000		8	2000
3	0	1	0	0	0	0	1	0	0	0	0	0	0	0	1	0	0	0	2000		38	2000
3	2	0	0	0	0	0	0	0	0	0	0	0	0	0	0	0	0	0	2000		1	2000
2	3	3	0	0	0	0	0	1	0	0	0	0	0	0	0	0	0	0	2000		1	2000
1	0	2	0	0	1	0	0	0	0	0	1	0	0	0	0	0	0	0	2000		11	2000
4	1	2	1	0	0	1	0	1	1	0	0	0	0	0	0	0	0	0	2000		3	2000
1	2	3	1	0	0	0	0	0	1	0	0	0	1	0	0	0	0	1	2000		30	2000
0	0	0	0	0	1	4	0	0	0	0	0	0	0	0	0	0	0	0	2000		4	2000
0	0	0	2	0	0	0	0	0	0	0	0	0	0	0	0	1	0	0	2000		12	2000
3	1	1	0	0	0	0	0	0	0	0	0	0	0	0	0	0	1	0	2000		5	2000
6	0	0	1	0	0	1	0	1	0	0	0	2	0	0	0	0	0	0	2000		13	2000
0	1	1	0	0	1	0	0	0	0	0	0	1	0	2	0	0	0	0	2000		9	2000
1	0	0	2	0	0	0	0	0	0	0	0	0	0	1	0	0	0	0	2000		2	2000
2	0	0	0	2	1	0	0	1	0	0	0	0	0	0	1	0	0	0	2000		13	2000
3	1	0	1	0	0	0	1	0	1	0	0	0	0	0	0	0	0	0	2000		9	2000
0	1	1	0	1	0	0	0	2	1	0	1	0	0	0	0	1	0	0	2000		8	2000
3	0	1	0	0	0	0	1	0	0	0	0	0	0	0	2	0	0	0	2000		30	2000
4	1	2	2	1	0	0	0	0	1	0	0	0	0	0	0	0	0	0	2000		5	2000
2	3	0	1	0	0	0	0	0	0	0	0	0	0	0	0	2	0	0	2000		1	2000
1	1	2	0	1	0	0	0	0	0	0	0	0	0	1	0	0	0	0	2000		4	2000
3	0	1	0	0	1	0	0	0	1	0	0	0	0	0	1	0	0	0	2000		14	2000
5	3	1	0	0	1	1	1	0	1	0	0	0	0	0	0	1	0	0	2000		14	2000
1	2	1	0	0	0	0	0	0	0	0	0	0	0	0	0	0	0	0	2000		11	2000
0	1	1	1	0	0	3	0	0	0	0	0	1	0	0	0	0	0	0	2000		10	2000
0	0	0	0	0	0	0	0	1	0	0	0	1	0	0	0	0	0	0	2000		16	2000
3	0	1	0	0	1	0	0	0	0	1	0	0	0	0	0	0	1	0	2000		5	2000
1	0	1	0	0	0	0	0	1	0	0	0	0	1	0	0	0	0	0	2000		24	2000
3	0	0	0	3	0	0	1	0	0	0	0	0	0	0	0	0	0	0	2000		2	2000
0	3	1	0	0	0	0	0	0	0	0	0	0	1	0	0	0	0	0	2000		2	2000
2	0	1	1	0	2	0	0	0	2	2	0	1	0	0	0	0	0	0	2000		16	2000
0	2	1	1	1	0	1	0	0	0	1	0	0	0	1	0	0	0	0	2000		5	2000
3	1	1	0	0	0	0	0	0	0	1	0	0	1	0	0	0	1	0	2000		22	2000
1	0	0	0	1	0	0	0	1	0	0	0	0	0	0	0	0	0	0	2000		10	2000
2	1	0	1	0	0	0	0	0	0	0	0	0	0	0	2	0	0	0	2000		4	2000
5	1	0	0	0	0	0	0	0	0	0	0	0	0	0	0	0	1	0	2000		22	2000
5	1	0	0	0	0	1	0	1	0	0	0	0	0	0	1	0	1	0	2000		17	2000
2	4	2	0	2	1	1	0	0	0	0	0	0	0	0	0	1	0	1	2000		18	2000
0	0	1	4	0	0	1	1	0	0	0	0	0	0	0	0	0	0	0	2000		3	2000
1	0	0	0	0	2	0	0	0	0	0	0	0	0	0	1	0	0	0	2000		15	2000
0	1	0	1	0	0	0	1	0	0	0	0	0	0	0	0	0	0	0	2000		1	2000
3	1	2	2	2	1	0	2	0	0	0	0	1	0	0	0	0	0	0	2000		13	2000
0	1	2	0	0	1	1	0	0	0	0	0	0	0	0	0	0	0	0	2000		13	2000
0	0	0	1	1	0	1	0	0	0	0	0	0	1	0	1	1	1	0	2000		42	2000
1	1	0	0	0	0	0	0	1	0	0	0	0	0	0	0	0	0	0	2000		3	2000
1	1	0	0	1	0	0	0	0	0	0	0	0	0	0	0	0	0	0	2000		15	2000
2	1	0	0	1	1	0	0	1	0	0	0	0	0	1	1	0	0	0	2000		2	2000

1	1	0	0	0	0	0	0	0	0	0	1	1	0	0	0	0	0	0	6000		4	6000
2	0	0	0	1	0	1	1	0	1	0	0	0	0	0	0	0	0	0	6000		0	6000
0	0	1	1	1	0	0	0	0	0	0	0	0	0	0	0	0	0	0	6000		12	6000
2	0	1	0	1	0	0	0	0	1	0	1	0	0	0	0	0	0	0	6000		6	6000
0	1	0	0	0	0	0	0	0	0	0	0	0	0	0	0	0	0	0	6000		7	6000
1	0	0	0	1	0	0	0	0	0	0	0	0	0	0	0	0	0	0	6000		2	6000
0	0	3	1	0	1	0	0	0	0	0	0	0	0	0	0	0	0	0	6000		20	6000
2	0	0	0	2	0	0	0	0	0	0	0	0	0	0	0	0	0	0	6000		0	6000
3	1	1	0	0	0	0	0	0	0	0	0	1	0	0	0	0	0	1	6000		3	6000
1	1	0	0	0	0	0	0	0	0	0	0	0	0	0	0	0	0	0	6000		13	6000
1	0	0	1	0	0	0	0	0	0	0	0	0	0	0	0	0	0	0	6000		3	6000
0	1	0	0	0	0	0	0	0	0	0	0	0	0	0	0	0	0	0	6000		5	6000
2	0	0	0	1	0	0	0	0	0	0	0	0	0	0	0	0	0	0	6000		3	6000
1	0	0	1	0	0	0	0	0	0	0	0	0	0	0	0	0	0	0	6000		8	6000
5	0	0	0	0	0	0	0	0	1	0	0	0	0	0	0	0	0	0	6000		6	6000
5	0	2	0	0	0	0	0	0	0	0	0	1	1	0	1	0	0	0	6000		7	6000
0	1	0	0	0	0	0	0	0	0	0	0	0	0	0	0	0	0	0	6000		6	6000
7	0	0	0	0	0	0	0	1	0	0	0	0	0	0	0	0	1	0	6000		4	6000
0	1	0	0	0	1	0	0	0	2	0	0	0	0	0	0	0	0	0	6000		5	6000
2	0	0	0	1	0	0	0	1	0	0	0	0	0	0	0	0	0	0	6000		5	6000
4	1	1	0	0	0	0	0	0	0	0	0	0	0	0	0	0	0	0	6000		8	6000
1	0	1	1	1	1	0	0	0	0	0	0	0	0	0	0	0	0	0	6000		2	6000
5	1	0	1	0	0	1	0	0	0	0	0	0	0	0	0	0	0	0	6000		1	6000
0	2	1	0	0	0	0	0	0	0	0	0	0	0	0	0	0	0	0	6000		0	6000
0	0	0	0	1	1	0	0	0	0	0	0	0	0	0	0	0	0	0	6000		3	6000
3	1	1	0	0	0	0	0	0	0	0	0	0	0	0	0	0	0	0	6000		3	6000
1	0	0	1	1	2	0	0	0	0	0	0	2	0	0	0	0	0	0	6000		0	6000
1	1	0	0	0	0	0	0	0	0	0	0	0	0	0	0	0	0	0	6000		7	6000
1	1	0	0	0	0	0	0	0	0	0	0	1	0	0	0	0	0	0	6000		2	6000
2	0	0	1	0	0	0	0	0	0	0	0	0	0	0	0	0	0	0	6000		15	6000
1	1	1	0	0	1	0	0	0	0	0	1	0	0	0	0	0	0	0	6000		5	6000
4	0	0	0	0	0	0	0	0	0	0	0	0	0	0	0	0	1	0	6000		1	6000
2	0	0	0	0	0	0	0	0	0	0	0	0	0	0	0	0	0	1	6000		1	6000
0	1	0	0	0	0	0	0	0	0	0	0	0	0	0	0	0	0	0	6000		8	6000
2	0	0	0	0	1	0	0	0	1	0	0	0	0	0	0	0	0	0	6000		14	6000
0	0	1	0	0	0	0	0	0	0	0	0	0	0	0	0	0	0	0	6000		4	6000
5	0	0	0	0	0	0	0	0	0	0	0	0	0	0	0	0	0	1	6000		10	6000
4	0	0	0	0	0	1	0	0	0	0	0	0	0	0	0	0	0	0	6000		3	6000
0	0	0	0	0	0	0	0	0	0	0	0	0	0	0	0	0	1	1	6000		8	6000
1	0	0	1	0	0	0	0	0	0	1	0	0	0	0	0	0	0	0	6000		5	6000
2	0	1	0	0	0	0	0	0	0	0	0	0	0	0	0	0	0	0	6000		5	6000
1	1	0	0	0	0	0	0	0	0	0	0	0	0	0	0	0	0	0	6000		8	6000
3	0	0	0	1	0	0	0	0	0	0	0	0	0	0	0	0	1	0	6000		9	6000
1	0	0	0	1	0	0	0	0	0	0	0	0	0	0	0	0	0	0	6000		14	6000
2	4	0	0	1	0	0	0	0	0	0	0	1	0	0	0	0	0	1	6000		1	6000
0	0	0	0	0	0	0	0	0	0	0	0	0	0	0	0	0	0	0	6000		1	6000
6	0	3	0	0	0	0	0	0	0	0	0	0	0	0	0	0	0	0	6000		0	6000
0	0	2	0	0	1	0	1	0	0	0	0	0	0	0	0	0	0	0	6000		1	6000
2	2	1	0	0	1	0	0	0	1	0	0	0	0	0	0	0	0	0	6000		2	6000
1	0	0	1	0	0	0	0	0	0	0	0	0	0	0	0	0	0	0	6000		6	6000
2	1	0	1	0	0	0	0	0	0	0	0	0	0	0	0	0	0	0	6000		7	6000
0	0	0	0	1	0	0	0	0	0	0	0	0	0	0	0	0	0	0	6000		11	6000
5	0	1	0	0	0	1	0	0	0	0	0	0	0	0	0	0	0	0	6000		6	6000
0	1	0	0	0	0	0	0	0	0	0	0	0	0	0	0	0	0	0	6000		5	6000
3	1	1	0	0	0	0	0	0	1	0	0	0	0	0	0	0	0	0	6000		6	6000
0	0	1	0	0	0	0	0	0	0	0	0	0	0	0	0	0	0	1	6000		16	6000
1	0	0	1	0	1	0	0	0	0	0	0	0	0	0	0	0	0	0	6000		2	6000
0	0	1	0	0	0	0	0	0	0	0	0	0	0	0	0	0	0	0	6000		9	6000
6	0	1	0	0	0	0	0	0	0	1	0	1	0	0	0	0	0	0	6000		2	6000
0	0	0	0	0	0	0	1	0	0	0	0	0	0	0	0	0	0	0	6000		3	6000
0	2	1	0	0	0	0	0	0	1	0	0	0	0	0	0	0	0	0	6000		1	6000
2	1	0	0	0	1	0	0	1	0	0	0	0	0	0	0	0	0	0	6000		3	6000
0	0	1	0	0	0	0	0	0	1	0	0	0	0	0	0	0	0	0	6000		5	6000
2	1	0	0	0	0	0	0	0	0	0	0	0	0	0	1	0	0	0	6000		5	6000
3	1	0	0	1	0	0	0	0	0	0	0	2	0	0	0	0	0	0	6000		2	6000
0	0	0	1	0	0	1	0	0	0	0	0	0	0	0	0	0	0	0	6000		4	6000
4	4	0	0	0	0	1	0	0	0	0	0	0	0	2	0	0	0	0	6000		5	6000
3	0	0	1	0	0	0	0	0	0	0	0	0	0	0	0	0	0	0	6000		6	6000
1	2	1	0	0	0	0	0	0	0	0	0	0	0	0	0	0	0	0	6000		7	6000
7	0	0	0	0	0	0	0	0	0	0	0	0	0	0	0	0	0	0	6000		2	6000
4	1	0	0	0	0	0	0	0	0	0	0	0	0	0	0	0	0	0	6000		2	6000
3	0	0	0	0	1	0	0	0	0	0	0	0	0	0	0	0	0	0	6000		5	6000
2	0	0	0	0	1	0	0	0	0	1	0	0	1	0	0	0	0	1	6000		2	6000
5	2	1	0	0	0	0	0	0	0	0	0	0	0	0	0	0	0	0	6000		8	6000
0	0	0	0	0	0	0	0	0	0	1	0	0	0	0	0	0	0	0	6000		16	6000
0	0	1	0	1	0	0	0	0	0	0	0	0	0	0	0	0	0	0	6000		8	6000
1	0	0	0	0	0	0	0	0	0	0	0	0	0	0	0	0	0	0	6000		2	6000
0	1	1	1	0	1	0	0	0	0	0	0	0	1	0	0	0	0	0	6000		1	6000
3	0	0	0	0	0	0	0	1	0	0	0	0	0	0	0	0	1	0	6000		2	6000
6	1	0	0	0	0	0	0	0	0	0	0	0	0	0	0	0	0	0	6000		4	6000
4	0	1	0	0	0	0	0	0	0	0	0	0	0	0	0	0	0	1	6000		9	6000
1	1	0	0	1	0	0	0	0	0	0	0	0	0	0	0	0	0	0	6000		11	6000
0	0	1	1	0	0	0	0	0	1	0	0	0	0	0	0	0	0	0	6000		3	6000
1	0	0	0	0	0	0	0	0	1	0	0	1	1	0	0	0	0	0	6000		10	6000
0	1	0	0	0	0	1	0	0	0	0	0	0	0	0	0	0	1	0	6000		4	6000
5	1	0	0	0	1	0	0	0	0	0	0	0	0	0	0	0	0	0	6000		10	6000
1	0	0	0	0	0	0	0	0	0	0	0	0	1	1	0	0	0	0	6000		3	6000
1	3	0	0	1	0	0	0	0	0	0	0	0	0	0	0	0	0	0	6000		0	6000
1	0	0	0	0	0	0	0	0	0	0	0	0	0	0	0	1	0	0	6000		7	6000
0	1	0	1	0	0	0	0	1	0	0	0	0	0	0	0	0	0	0	6000		11	6000
3	0	0	0	1	0	0	0	0	0	0	0	0	0	0	0	0	1	0	6000		7	6000
0	1	0	0	0	0	0	0	0	0	0	0	0	0	0	0	0	0	0	6000		8	6000
1	0	0	0	1	1	0	0	1	0	0	0	0	0	0	0	0	0	0	6000		8	6000
0	0	1	0	0	0	0	0	0	0	0	0	0	0	0	0	0	0	0	6000		1	6000
3	0	0	1	0	0	0	1	1	0	0	0	0	0	0	0	0	0	0	6000		7	6000
2	0	0	0	0	0	0	0	0	0	0	0	1	0	0	0	0	0	0	6000		2	6000
0	0	0	0	0	0	0	0	0	0	1	0	0	0	0	0	0	0	1	6000		13	6000
5	0	1	0	1	0	0	0	0	0	0	0	2	0	0	0	0	0	0	6000		2	6000
2	0	0	1	1	0	1	0	0	0	0	0	0	0	0	0	0	0	0	6000		9	6000
0	3	0	0	1	0	0	1	0	0	0	0	0	0	0	1	0	0	0	6000		3	6000
2	0	3	0	0	0	0	0	0	0	0	1	0	0	0	0	0	0	0	6000		1	6000
4	0	1	0	0	0	0	0	0	0	0	0	0	0	0	0	0	0	0	6000		6	6000
1	0	0	0	0	0	0	0	0	0	0	0	0	0	0	0	0	0	0	6000		7	6000
1	0	0	0	0	0	0	1	0	0	0	0	1	0	0	0	0	0	0	6000		3	6000
5	1	0	0	0	2	0	0	0	0	0	0	0	0	0	0	0	0	0	6000		6	6000
2	0	1	0	0	0	0	0	0	0	0	0	0	0	0	0	0	0	0	6000		5	6000
0	2	1	0	0	0	0	0	0	0	0	0	0	0	0	0	0	0	0	6000		3	6000
0	1	1	0	0	0	1	0	0	0	1	1	0	0	0	0	0	0	0	6000		2	6000
1	0	3	0	0	1	0	0	0	0	0	0	0	0	0	0	0	0	0	6000		1	6000
3	2	0	0	0	0	1	0	0	0	0	0	0	0	0	0	1	0	1	6000		9	6000
6	1	1	0	0	0	1	0	0	0	0	0	0	0	0	0	0	0	0	6000		4	6000
3	1	1	0	0	0	0	0	0	0	0	0	0	0	0	0	0	0	0	6000		1	6000
4	1	0	0	0	0	0	0	0	0	0	0	0	0	0	0	0	0	0	6000		5	6000
3	0	0	1	0	0	0	0	0	0	0	0	0	0	0	1	0	0	0	6000		8	6000
0	1	0	0	0	0	0	0	0	0	0	0	0	0	0	0	0	0	0	6000		2	6000
4	1	0	0	0	2	0	0	0	0	0	0	0	0	0	0	0	0	0	6000		2	6000
0	1	0	0	0	0	0	0	2	0	0	0	0	0	0	0	0	0	0	6000		6	6000
0	1	0	1	0	0	0	0	0	0	0	0	0	0	1	0	0	0	0	6000		11	6000
1	3	0	0	0	0	0	0	0	0	1	0	0	0	0	0	0	0	0	6000		0	6000
8	0	0	0	1	0	0	0	0	0	0	0	0	0	0	0	0	0	0	6000		1	6000
0	0	1	0	0	0	0	0	0	1	0	0	0	0	0	0	2	1	0	6000		1	6000
2	1	0	0	0	1	0	0	0	0	0	0	0	0	0	0	0	0	0	6000		1	6000
2	1	0	0	1	2	0	0	0	0	0	0	0	0	0	1	0	0	0	6000		14	6000
1	1	0	0	0	0	0	0	0	0	1	0	0	1	0	0	0	0	0	6000		4	6000
1	0	0	3	0	0	0	0	0	0	0	0	1	0	0	0	0	0	0	6000		7	6000
1	1	0	0	0	0	0	0	1	0	0	0	0	0	0	0	0	0	0	6000		7	6000
0	2	1	0	0	0	0	0	1	1	0	0	0	0	0	0	0	0	0	6000		3	6000
2	2	0	0	0	0	0	0	1	0	0	0	0	0	0	0	0	0	0	6000		1	6000
2	1	2	0	0	0	0	1	0	0	0	0	0	1	0	0	0	0	0	6000		2	6000
1	0	0	1	0	0	0	0	1	0	0	0	0	0	0	0	0	0	0	6000		5	6000
1	0	0	2	0	0	0	0	0	0	0	0	0	0	0	0	1	0	0	6000		7	6000
0	0	0	1	0	0	2	0	0	0	0	0	2	0	0	0	0	0	0	6000		3	6000
0	0	2	0	0	1	0	1	0	0	0	0	0	0	0	0	0	0	0	6000		6	6000
1	2	1	0	1	0	0	0	0	0	0	0	0	0	0	0	0	0	0	6000		8	6000
0	2	1	1	0	0	0	1	0	0	0	0	0	0	0	0	0	0	1	6000		1	6000
1	0	0	0	0	0	1	0	0	0	0	0	0	0	0	0	0	0	0	6000		9	6000
0	1	0	0	0	0	0	1	0	0	0	0	0	0	0	0	1	0	0	6000		7	6000
1	1	1	1	0	0	0	0	2	0	0	0	1	0	0	0	0	0	0	6000		4	6000
2	1	0	0	0	0	0	0	0	0	0	0	0	1	0	0	0	0	0	6000		2	6000
1	0	1	1	0	0	0	0	0	0	0	0	0	0	0	0	0	0	1	6000		1	6000
2	3	1	0	0	0	0	0	0	0	0	0	1	0	0	0	0	0	0	6000		9	6000
0	0	0	0	0	0	0	0	0	0	0	0	0	0	0	0	0	0	0	6000		5	6000
2	0	0	0	0	0	0	0	0	0	0	0	1	0	0	0	0	0	0	6000		2	6000
2	0	0	0	0	0	0	0	0	0	0	0	0	0	0	0	0	0	0	6000		0	6000
2	1	0	0	0	0	0	0	0	0	0	0	1	0	0	0	0	0	0	6000		1	6000
1	1	0	0	0	0	1	0	1	0	0	0	0	0	1	0	1	0	0	6000		5	6000
0	0	0	1	0	0	0	0	0	0	0	1	0	0	0	0	0	0	0	6000		4	6000
2	0	0	0	0	1	1	0	0	0	0	0	0	0	0	0	0	0	0	6000		8	6000
1	0	1	0	1	0	0	0	0	0	0	0	0	0	0	0	0	0	0	6000		4	6000
1	1	2	1	1	0	0	0	0	0	0	0	0	0	0	0	0	0	0	6000		0	6000
0	0	0	0	0	0	0	0	1	0	0	0	0	0	0	0	0	0	0	6000		5	6000
1	0	1	1	0	0	0	0	0	0	0	0	0	0	0	0	1	1	0	6000		1	6000
2	0	1	1	0	0	0	0	0	0	0	0	0	0	0	0	0	0	0	6000		1	6000
3	0	0	0	0	0	0	0	0	0	0	0	0	0	0	0	0	0	0	6000		4	6000
3	0	1	0	0	1	1	1	0	0	0	0	0	0	0	0	0	0	0	6000		3	6000
0	0	0	0	0	0	0	0	1	0	0	0	0	0	0	0	1	0	0	6000		3	6000
0	0	1	0	0	0	0	0	0	0	0	0	0	0	0	0	0	0	0	6000		2	6000
2	0	0	0	0	0	0	0	0	1	0	0	0	0	0	0	0	0	0	6000		2	6000
0	2	1	0	0	1	0	0	0	0	0	0	0	1	0	0	0	0	0	6000		9	6000
0	0	0	0	0	1	0	0	1	0	0	0	0	0	0	0	0	0	0	6000		11	6000
3	0	0	0	0	0	0	0	0	0	0	0	0	0	0	0	0	0	0	6000		11	6000
2	1	1	0	0	0	0	0	0	0	0	0	0	0	0	0	0	0	0	6000		8	6000
1	0	0	0	0	0	0	0	0	0	0	0	0	0	0	0	0	0	0	6000		1	6000
3	0	2	0	0	0	0	0	0	0	0	0	0	0	0	0	0	0	0	6000		3	6000
2	2	0	0	0	0	0	0	0	0	0	0	0	0	0	0	0	0	0	6000		13	6000
2	1	0	0	0	0	0	0	0	0	0	0	0	0	0	0	0	0	0	6000		10	6000
1	0	0	0	0	0	0	0	0	0	0	0	0	1	0	1	0	0	0	6000		9	6000
1	0	0	1	0	0	0	0	0	0	0	1	0	0	1	0	0	0	0	6000		0	6000
2	0	0	0	0	1	0	0	0	0	0	0	0	0	0	0	0	0	0	6000		3	6000
2	1	0	1	0	0	0	0	0	1	0	0	0	0	0	0	0	0	0	6000		6	6000
2	1	1	0	0	1	0	0	0	0	0	0	0	0	0	0	0	0	0	6000		9	6000
4	0	0	0	0	0	0	0	0	0	0	0	0	0	0	0	0	1	0	6000		2	6000
2	0	1	1	1	0	0	1	0	0	0	0	0	0	0	0	0	0	0	6000		1	6000
0	3	0	0	0	0	0	0	0	0	0	0	0	0	0	0	0	0	0	6000		2	6000
2	1	0	0	0	0	0	0	0	0	0	0	0	0	0	0	0	0	0	6000		2	6000
2	0	0	0	0	0	0	0	0	0	0	0	0	0	0	0	0	0	0	6000		19	6000
4	0	4	0	0	0	0	0	0	0	0	0	0	0	0	0	0	0	0	6000		0	6000
4	0	0	0	0	0	0	3	0	0	0	1	0	0	0	0	0	0	0	6000		3	6000
0	1	0	1	0	0	0	0	0	0	0	0	0	0	0	0	0	0	0	6000		3	6000
0	2	0	0	0	0	0	0	0	0	0	0	0	0	0	0	0	0	1	6000		9	6000
2	2	0	1	0	0	0	0	0	0	0	0	0	0	0	0	0	0	0	6000		4	6000
0	2	1	0	0	1	0	1	0	0	0	0	0	0	0	0	0	1	1	6000		1	6000
4	0	1	0	0	0	0	0	0	0	0	0	0	0	0	0	0	0	0	6000		7	6000
0	0	1	0	1	0	0	0	0	0	0	0	0	0	0	0	0	0	0	6000		0	6000
4	0	0	1	1	0	1	1	0	0	0	0	0	0	0	0	0	0	0	6000		1	6000
2	0	1	0	0	0	0	0	0	0	0	0	0	0	0	0	0	0	0	6000		2	6000
3	0	1	0	0	0	0	0	0	0	0	0	0	1	0	0	0	0	0	6000		3	6000
0	0	0	0	1	0	0	0	0	1	0	0	0	0	0	0	3	0	0	6000		0	6000
0	0	0	0	0	3	0	1	0	0	0	0	0	0	0	0	0	0	0	6000		19	6000
8	2	1	0	0	0	0	0	1	0	0	0	0	0	0	0	0	0	0	6000		11	6000
5	2	0	0	0	0	0	0	0	0	0	0	0	0	0	0	0	0	0	6000		0	6000
0	1	1	2	0	0	0	0	0	0	0	0	0	0	0	0	0	0	0	6000		4	6000
2	2	0	0	0	0	0	0	0	0	0	0	0	0	1	0	0	0	0	6000		10	6000
5	0	0	0	0	0	0	0	0	0	0	1	0	0	0	0	0	0	0	6000		3	6000
1	1	0	0	1	0	0	0	0	0	1	0	0	0	0	0	0	0	0	6000		15	6000
2	0	0	0	0	0	0	2	0	0	0	0	1	0	0	0	0	0	0	6000		3	6000
0	0	0	0	0	1	0	0	0	0	0	0	0	1	0	0	0	0	0	6000		0	6000
1	0	0	0	0	0	1	0	0	0	0	0	0	0	0	0	0	0	0	6000		8	6000
3	4	1	0	0	0	0	0	0	0	0	0	0	0	0	0	0	0	0	6000		1	6000
4	0	3	0	1	0	0	0	0	0	0	0	0	0	0	0	0	0	0	6000		1	6000
0	0	0	0	0	0	1	1	0	0	0	0	1	0	0	0	0	0	0	6000		8	6000
1	1	0	2	1	0	0	0	0	1	0	0	0	0	0	0	0	0	0	6000		11	6000
0	0	0	0	0	0	0	0	0	0	1	0	0	0	0	0	0	0	0	6000		5	6000
1	1	0	0	0	0	1	0	0	0	0	0	0	0	0	0	0	0	0	6000		0	6000
0	0	0	1	0	0	0	0	0	0	0	0	0	0	0	0	0	0	0	6000		13	6000
4	1	0	0	0	0	1	0	0	0	0	0	0	0	0	0	0	0	0	6000		2	6000
5	0	1	0	1	0	0	0	1	0	0	0	0	0	0	0	0	0	0	6000		6	6000
0	3	0	0	1	0	0	0	0	0	0	0	0	0	0	0	0	0	1	6000		2	6000
1	1	0	0	0	0	0	0	0	0	0	0	0	0	0	0	0	0	0	6000		4	6000
0	0	0	0	0	0	0	0	0	0	0	0	0	0	0	0	0	0	0	6000		2	6000
5	1	0	1	0	0	0	0	0	0	1	0	0	0	0	0	0	0	1	6000		4	6000
1	0	0	0	0	0	0	0	0	0	0	0	0	0	0	0	0	0	0	6000		9	6000
1	0	0	0	0	0	0	0	0	0	0	0	0	0	0	0	0	0	0	6000		5	6000
0	1	0	0	0	0	0	1	0	0	0	0	0	0	0	0	0	0	0	6000		7	6000
4	1	1	0	1	0	0	0	0	0	0	0	0	0	0	0	0	0	0	6000		4	6000
0	0	0	0	0	0	0	0	0	0	0	0	0	0	0	1	0	0	0	6000		1	6000
2	0	1	0	1	0	0	1	0	0	0	0	0	0	0	0	1	0	0	6000		3	6000
3	1	0	0	0	0	0	0	0	0	0	0	0	0	0	0	0	0	0	6000		1	6000
1	0	0	2	1	0	0	0	0	0	1	0	0	0	0	0	0	0	0	6000		4	6000
2	0	0	0	0	0	0	0	0	1	0	0	0	0	0	0	0	0	1	6000		3	6000
1	1	0	0	1	1	0	0	0	0	0	0	0	0	0	0	0	0	0	6000		1	6000
0	0	0	2	0	0	0	0	1	0	0	0	0	0	0	0	0	0	0	6000		5	6000
0	0	0	0	1	0	0	0	0	0	0	0	0	0	0	0	0	0	0	6000		18	6000
2	0	0	0	0	0	0	0	0	0	0	0	0	0	0	0	0	0	0	6000		0	6000
0	0	0	0	0	0	0	1	0	0	0	0	0	1	0	0	0	0	0	6000		1	6000
5	1	0	2	0	0	0	0	1	0	0	0	0	0	0	0	0	0	0	6000		3	6000
1	1	0	0	0	0	0	0	0	0	0	0	0	0	0	0	0	0	0	6000		7	6000
2	0	0	0	0	0	0	1	0	0	0	0	0	0	0	0	0	0	0	6000		4	6000
4	1	1	0	2	0	0	0	0	1	0	0	0	0	0	0	0	0	0	6000		10	6000
2	2	0	0	0	1	0	0	0	0	0	0	0	0	0	0	0	0	0	6000		2	6000
1	4	0	0	0	0	0	0	0	0	0	0	0	0	0	0	0	0	0	6000		7	6000
1	0	0	0	0	0	0	0	0	1	0	0	0	0	0	0	0	0	0	6000		10	6000
0	2	0	0	0	0	0	0	0	0	0	0	0	0	0	0	0	0	0	6000		1	6000
1	1	0	0	0	0	0	0	0	0	0	0	0	0	0	0	0	0	0	6000		4	6000
0	0	0	0	0	0	0	1	0	0	0	0	0	1	1	0	0	1	0	6000		13	6000
1	1	0	0	1	0	0	0	0	0	0	0	0	0	0	0	0	0	0	6000		6	6000
1	1	0	1	0	0	0	0	0	0	0	0	0	0	0	0	0	0	0	6000		1	6000
0	0	0	0	0	2	1	0	0	0	0	0	0	1	0	0	0	0	0	6000		3	6000
0	0	0	0	0	0	0	0	0	0	0	0	0	0	0	0	0	0	0	6000		2	6000
1	0	0	1	1	1	0	0	0	0	0	1	0	0	0	0	0	0	0	6000		8	6000
0	0	0	0	1	1	0	0	0	0	0	0	0	0	0	0	0	0	0	6000		12	6000
2	0	1	0	0	0	0	0	0	0	1	0	0	0	0	0	0	0	0	6000		3	6000
5	1	0	0	0	0	0	0	0	0	0	0	0	0	0	0	0	0	0	6000		3	6000
7	0	0	1	1	1	0	0	1	0	0	0	0	0	0	0	0	0	0	6000		3	6000
2	0	1	2	0	0	0	1	0	0	0	0	0	0	0	0	0	0	0	6000		2	6000
0	2	0	1	0	0	0	0	0	0	0	0	0	0	0	0	0	1	0	6000		9	6000
0	0	0	0	0	1	0	1	0	0	0	0	0	0	1	0	0	0	0	6000		0	6000
0	1	0	1	0	0	0	0	1	0	0	0	0	0	0	1	0	0	0	6000		1	6000
1	0	0	0	0	1	0	2	0	0	0	0	0	0	1	0	0	0	0	6000		1	6000
2	0	0	0	0	0	0	0	0	0	0	0	1	0	0	0	0	0	0	6000		10	6000
0	0	0	1	0	2	0	0	0	0	1	0	0	0	0	0	0	0	0	6000		4	6000
0	0	1	0	0	0	0	0	1	0	0	0	0	0	0	0	0	0	0	6000		2	6000
1	0	0	0	0	0	0	1	0	0	0	0	0	0	0	0	0	0	0	6000		2	6000
1	2	0	0	0	2	0	0	0	0	1	0	0	0	0	0	0	0	0	6000		7	6000
4	1	2	0	0	0	0	0	0	0	0	0	1	0	0	0	0	0	0	6000		9	6000
0	0	0	0	0	0	0	0	0	0	0	0	0	0	0	0	0	0	0	6000		0	6000
0	0	0	1	0	0	0	0	0	1	0	0	0	0	0	0	0	1	0	6000		2	6000
0	0	0	0	0	0	0	0	0	1	0	0	0	0	0	0	0	1	0	6000		8	6000
2	0	0	0	1	0	0	0	0	0	0	0	0	0	0	0	0	0	0	6000		6	6000
0	2	0	2	0	0	0	0	0	0	0	0	0	0	0	0	0	0	0	6000		1	6000
0	0	0	0	0	1	0	0	0	0	0	0	0	0	0	0	0	1	0	6000		2	6000
0	0	0	1	0	0	0	1	0	0	0	0	0	0	0	0	1	0	0	6000		2	6000
3	1	0	0	0	0	0	0	0	1	0	0	0	0	0	0	0	0	0	6000		5	6000
0	0	0	0	0	0	0	0	0	0	0	0	0	0	0	0	0	0	0	6000		5	6000
3	0	1	1	1	0	1	0	0	0	0	0	0	0	1	0	0	0	0	6000		0	6000
3	0	0	1	0	1	0	0	0	0	0	0	0	0	0	0	0	0	0	6000		1	6000
4	1	0	0	0	0	0	0	0	0	0	0	0	0	0	0	0	1	0	6000		3	6000
1	0	0	1	0	0	0	0	0	0	0	0	0	0	0	0	0	0	0	6000		1	6000
2	0	1	0	1	1	3	0	0	1	0	0	0	0	0	0	0	0	0	6000		2	6000
0	0	0	1	0	0	0	0	0	0	0	0	0	0	0	0	0	0	0	6000		2	6000
0	0	1	0	0	0	0	1	0	0	0	0	0	0	0	0	0	0	0	6000		3	6000
4	1	2	1	0	0	0	0	1	0	0	0	0	0	0	0	0	0	0	6000		6	6000
1	0	0	0	0	0	0	0	0	0	0	0	0	0	0	0	0	0	0	6000		0	6000
1	0	0	1	0	0	0	0	0	0	0	0	0	0	0	0	0	0	0	6000		0	6000
3	1	0	0	0	0	0	0	0	0	0	0	0	0	0	0	0	0	0	6000		3	6000
1	0	1	0	0	0	0	0	0	0	0	0	0	0	0	0	0	0	0	6000		2	6000
4	0	0	0	0	0	0	0	0	0	0	0	0	0	0	0	0	0	0	6000		5	6000
3	0	1	0	1	0	0	0	0	0	0	0	0	0	0	0	1	0	0	6000		11	6000
2	1	0	0	0	0	0	0	0	0	0	0	0	0	0	0	0	0	0	6000		1	6000
4	0	0	0	0	1	0	0	0	0	0	0	0	0	0	0	0	0	0	6000		1	6000
4	0	0	1	0	2	1	0	0	0	0	0	1	1	1	0	0	0	0	6000		0	6000
2	1	1	0	0	0	0	0	0	0	0	0	1	0	0	0	1	0	0	6000		5	6000
0	1	1	0	0	0	0	0	0	0	0	0	0	0	0	0	0	0	0	6000		8	6000
2	0	0	1	0	0	0	0	0	0	0	0	0	0	0	0	0	0	0	6000		1	6000
1	0	1	0	0	0	0	0	0	0	0	1	0	0	0	0	0	0	0	6000		9	6000
0	0	1	0	0	0	0	1	0	0	0	0	0	0	1	0	0	0	0	6000		3	6000
4	0	0	0	1	0	0	0	0	1	1	0	0	0	0	0	0	0	0	6000		4	6000
2	0	0	0	0	0	0	0	0	0	0	0	0	0	0	0	0	0	0	6000		7	6000
0	0	0	0	1	0	0	0	0	0	0	0	0	0	0	0	0	0	0	6000		5	6000
3	2	1	0	0	0	0	0	0	0	0	0	0	2	0	0	0	0	0	6000		17	6000
1	2	0	0	0	0	2	0	0	0	0	0	0	0	0	0	0	0	0	6000		4	6000
3	0	0	0	0	0	0	0	0	0	0	0	0	0	0	0	0	0	0	6000		5	6000
0	1	2	0	0	0	0	0	0	0	0	0	0	0	0	0	0	0	0	6000		2	6000
0	0	0	0	0	0	0	0	0	0	0	0	0	1	1	0	0	0	0	6000		1	6000
1	2	2	0	0	0	0	0	0	0	0	0	0	0	0	0	0	0	0	6000		4	6000
5	1	0	1	1	0	0	1	0	0	0	0	0	0	0	0	0	0	0	6000		7	6000
3	0	0	0	0	0	0	0	0	0	0	0	0	0	0	0	0	0	0	6000		0	6000
3	0	1	1	0	0	0	0	0	0	0	0	0	0	0	0	1	0	0	6000		3	6000
1	0	0	0	0	0	0	0	0	0	0	0	0	0	1	0	0	0	0	6000		5	6000
0	2	0	0	1	0	0	0	0	0	0	0	0	0	1	0	0	0	0	6000		7	6000
7	1	0	0	0	0	0	0	0	0	0	0	0	1	0	0	0	0	0	6000		1	6000
2	0	0	0	0	0	0	0	0	0	0	0	0	0	0	0	0	0	0	6000		0	6000
5	0	0	1	1	0	0	0	0	0	0	0	0	0	0	0	0	0	0	6000		0	6000
0	0	0	1	0	3	0	0	0	0	1	1	0	0	0	0	0	0	0	6000		5	6000
2	1	0	0	0	0	0	0	0	0	0	0	0	0	0	0	0	0	0	6000		15	6000
5	5	0	0	1	0	0	0	0	0	0	0	0	0	0	0	0	0	0	6000		1	6000
1	1	0	0	0	0	0	0	0	0	0	0	0	0	0	0	0	0	0	6000		4	6000
0	1	0	0	0	0	0	0	0	0	0	0	0	0	0	0	0	0	3	6000		1	6000
0	0	0	1	0	0	0	0	0	0	0	0	0	0	0	0	0	0	0	6000		4	6000
0	0	0	0	1	1	0	0	0	0	0	0	0	0	0	0	0	0	0	6000		0	6000
0	0	0	0	2	0	1	0	1	0	0	0	0	0	0	0	0	0	0	6000		4	6000
1	1	0	0	0	0	0	0	0	1	1	0	0	0	0	0	0	0	0	6000		2	6000
0	0	0	1	0	1	0	0	1	0	0	0	0	1	0	0	0	0	0	6000		3	6000
1	0	0	1	0	0	0	1	0	0	0	0	0	0	0	0	0	0	0	6000		8	6000
1	3	1	0	0	0	0	0	0	0	0	0	0	0	0	0	0	0	0	6000		1	6000
4	0	1	0	0	0	0	0	0	0	0	0	0	0	0	0	0	0	0	6000		0	6000
1	0	0	0	0	0	0	0	0	0	0	0	0	0	0	0	0	0	0	6000		12	6000
6	0	0	0	0	0	0	0	0	0	0	0	0	0	0	0	0	0	0	6000		7	6000
4	1	0	0	1	0	0	0	0	0	0	0	0	0	0	0	0	0	0	6000		3	6000
0	1	0	0	0	0	0	0	0	0	0	1	0	0	0	0	0	0	0	6000		3	6000
2	0	0	0	1	0	0	0	0	0	0	0	1	0	0	0	0	0	0	6000		11	6000
5	0	2	0	0	0	0	0	0	0	0	0	0	0	0	0	0	0	0	6000		15	6000
1	1	0	1	0	0	0	0	0	0	1	0	0	0	0	0	0	0	1	6000		12	6000
6	1	0	1	0	0	0	0	0	0	0	0	0	0	0	0	0	1	0	6000		6	6000
2	2	0	0	0	0	0	0	0	0	0	0	0	1	0	0	0	0	0	6000		2	6000
0	0	1	0	1	0	0	0	0	0	0	0	1	0	0	0	0	0	0	6000		16	6000
4	0	2	0	0	0	0	0	0	0	0	0	0	0	0	0	0	0	0	6000		5	6000
0	0	0	0	0	0	0	0	0	0	0	0	0	0	0	0	0	0	0	6000		2	6000
3	3	0	0	0	0	0	0	0	0	0	0	0	0	0	0	0	0	0	6000		8	6000
3	1	1	2	0	0	0	0	0	0	0	0	0	0	0	0	0	0	0	6000		4	6000
2	0	0	0	1	0	0	0	0	0	0	1	0	0	0	0	0	0	0	6000		3	6000
3	1	0	0	0	0	0	0	0	0	0	0	0	0	0	0	0	0	0	6000		7	6000
3	1	3	1	0	0	1	0	0	0	0	0	0	0	1	0	0	0	0	6000		2	6000
1	1	0	0	1	0	0	0	0	0	0	0	0	0	0	0	0	0	0	6000		1	6000
1	0	0	0	1	0	0	0	0	0	0	0	0	0	0	0	0	0	0	6000		1	6000
1	2	0	0	0	0	0	0	0	0	0	0	0	0	0	1	0	0	0	6000		0	6000
3	0	0	0	0	0	0	0	0	0	0	0	0	0	0	0	1	0	0	6000		9	6000
1	0	0	1	0	0	1	0	0	0	0	0	0	0	0	0	0	0	0	6000		0	6000
1	1	0	1	2	0	0	0	0	0	0	0	0	0	0	0	0	0	2	6000		3	6000
1	1	0	0	0	0	0	0	0	0	0	0	0	0	0	0	0	2	0	6000		13	6000
3	0	0	0	0	0	1	0	1	0	0	0	0	0	0	0	1	0	0	6000		0	6000
1	1	0	0	0	0	0	0	0	1	0	0	0	0	0	1	0	0	0	6000		4	6000
0	0	0	0	1	0	0	0	0	0	0	0	0	0	0	0	0	0	0	6000		13	6000
0	0	1	0	2	0	0	0	0	0	0	0	0	0	0	0	0	0	0	6000		5	6000
1	0	0	0	0	1	0	0	0	0	0	0	0	0	0	0	0	0	0	6000		4	6000
0	0	0	0	0	0	0	0	0	0	0	0	0	0	0	0	0	0	0	6000		1	6000
3	0	0	1	0	0	0	0	0	0	0	0	0	0	0	0	0	0	0	6000		7	6000
5	0	1	0	0	0	0	0	0	0	0	0	0	0	0	0	0	0	0	6000		2	6000
1	0	0	0	1	0	0	0	0	0	0	0	0	0	0	0	0	0	0	6000		1	6000
5	9	0	0	0	0	0	0	0	0	0	1	0	0	0	2	0	0	0	6000		0	6000
9	0	0	0	0	1	0	0	0	0	0	0	0	0	0	0	0	0	0	6000		0	6000
0	0	1	1	0	0	0	0	1	1	0	0	0	0	0	0	0	0	0	6000		3	6000
0	1	0	0	0	0	1	0	0	0	0	0	0	0	0	0	0	0	0	6000		3	6000
0	0	0	0	0	1	0	0	0	0	0	0	0	0	0	0	0	0	0	6000		3	6000
0	0	0	0	0	0	0	0	0	0	0	0	0	1	0	0	0	0	0	6000		2	6000
0	0	0	1	1	0	0	0	0	1	0	0	0	0	0	0	0	0	0	6000		0	6000
3	1	1	0	0	0	0	0	0	0	0	0	0	0	0	0	0	0	0	6000		8	6000
5	0	0	0	0	0	0	0	0	0	1	0	0	0	0	0	0	0	0	6000		1	6000
7	1	0	0	0	0	0	1	0	0	0	0	0	0	0	0	0	0	1	6000		2	6000
1	0	0	0	0	2	0	1	0	0	0	0	0	1	0	1	0	0	0	6000		6	6000
1	1	0	0	0	0	0	0	0	1	0	0	0	0	0	0	0	0	0	6000		2	6000
2	1	0	0	0	0	0	0	0	0	0	0	0	0	1	0	0	0	0	6000		7	6000
6	0	0	0	0	0	0	0	0	1	0	0	0	0	0	0	0	0	0	6000		0	6000
1	3	1	0	0	0	0	0	0	0	0	0	0	0	0	0	0	0	0	6000		6	6000
0	2	0	0	0	0	0	0	0	0	0	0	0	0	0	0	0	0	0	6000		5	6000
0	0	1	0	1	0	0	0	0	0	0	0	0	0	0	0	0	0	0	6000		2	6000
1	0	0	0	0	0	0	0	0	0	0	1	0	0	0	0	0	0	0	6000		9	6000
2	0	0	0	2	0	0	0	0	1	0	0	0	0	0	0	0	0	0	6000		5	6000
2	0	0	0	0	0	0	0	0	0	0	0	0	0	0	0	0	0	0	6000		0	6000
1	0	0	0	0	0	0	0	0	0	0	0	0	0	0	0	0	0	0	6000		8	6000
3	0	0	1	0	1	1	0	0	0	0	1	0	0	0	0	0	0	0	6000		9	6000
3	1	0	0	0	0	0	0	0	0	0	0	0	0	0	0	0	0	0	6000		2	6000
3	0	0	0	0	0	0	0	0	0	0	0	0	0	0	0	0	0	0	6000		0	6000
1	0	0	0	0	0	0	1	0	0	0	0	0	0	0	0	0	0	0	6000		22	6000
1	0	1	0	1	1	0	0	0	0	0	0	0	0	0	0	0	0	0	6000		2	6000
4	2	1	0	0	1	0	0	0	1	0	0	0	0	0	0	0	0	0	6000		6	6000
1	0	2	0	0	0	0	0	0	0	0	0	0	0	0	0	0	0	0	6000		3	6000
0	0	0	1	0	0	0	1	0	0	0	0	0	0	0	0	0	0	0	6000		6	6000
2	0	0	0	1	0	0	0	0	0	0	0	0	0	0	0	0	1	0	6000		6	6000
0	0	0	1	0	0	2	0	0	0	0	0	0	0	0	0	0	0	0	6000		9	6000
1	1	0	0	0	0	0	0	0	0	0	0	0	0	0	0	0	1	0	6000		1	6000
2	1	0	0	0	0	1	0	0	0	0	0	0	0	0	0	0	0	0	6000		15	6000
0	0	0	0	0	0	0	0	0	0	0	0	0	0	0	0	0	0	0	6000		4	6000
0	2	0	0	0	0	0	1	0	0	0	0	0	0	0	0	0	0	0	6000		5	6000
0	0	0	0	1	0	0	0	0	0	0	0	0	0	0	0	0	0	0	6000		3	6000
3	2	2	0	0	0	0	0	0	0	0	0	0	0	0	0	0	0	0	6000		6	6000
0	0	0	2	0	0	0	0	0	0	0	0	0	0	0	0	0	0	0	6000		2	6000
1	2	0	0	0	1	0	0	0	0	0	0	0	0	0	0	0	0	1	6000		13	6000
3	1	0	1	0	0	0	0	0	0	1	0	0	0	0	0	0	0	0	6000		3	6000
4	0	1	0	0	0	0	0	0	0	0	0	0	0	0	0	0	0	0	6000		3	6000
0	0	0	0	0	0	0	0	0	0	0	0	0	0	1	0	0	0	0	6000		3	6000
0	0	0	0	1	1	0	0	0	0	0	0	0	1	0	0	0	0	0	6000		2	6000
7	0	1	0	0	0	0	0	0	0	0	1	0	0	0	0	0	0	0	6000		0	6000
4	1	1	0	0	0	0	0	0	0	0	0	0	0	0	0	0	0	0	6000		7	6000
2	0	0	0	0	0	0	0	0	0	0	0	0	0	0	0	0	0	1	6000		4	6000
5	0	0	0	0	0	0	0	0	0	0	0	0	0	0	0	0	0	0	6000		2	6000
5	1	0	0	0	2	0	0	1	0	0	0	0	0	0	0	0	0	1	6000		1	6000
4	0	0	0	0	0	0	0	0	0	0	1	0	0	0	0	0	0	0	6000		4	6000
0	0	0	0	2	1	1	0	0	0	0	0	0	0	0	0	0	0	0	6000		11	6000
6	0	2	0	0	0	0	0	0	0	0	0	0	0	0	1	0	0	0	6000		8	6000
2	1	0	0	0	0	0	0	0	0	0	0	0	0	0	0	0	0	0	6000		12	6000
0	0	1	0	0	0	0	0	0	0	0	0	0	0	0	0	0	0	0	6000		2	6000
1	5	0	0	0	0	0	0	0	0	0	0	0	0	0	0	0	0	0	6000		11	6000
0	5	0	0	1	0	0	0	0	1	0	0	0	0	0	0	0	0	0	6000		1	6000
1	1	0	0	0	0	0	0	0	0	0	0	0	0	0	0	0	0	0	6000		5	6000
0	2	0	2	1	0	0	0	0	0	0	0	0	0	1	0	0	0	0	6000		3	6000
3	2	2	0	0	0	0	0	0	0	1	0	0	0	0	0	0	0	0	6000		1	6000
1	3	0	0	0	0	0	0	0	1	0	0	0	0	0	1	0	0	0	6000		15	6000
1	0	1	0	0	0	0	0	1	0	0	0	0	0	0	0	0	0	0	6000		5	6000
3	0	0	0	0	0	0	0	0	0	0	0	0	0	0	0	0	0	0	6000		0	6000
0	0	1	1	0	1	0	0	0	0	1	1	0	0	0	0	0	0	0	6000		10	6000
3	2	0	3	0	0	1	0	0	0	0	0	0	0	0	0	0	0	0	6000		0	6000
4	0	0	0	0	0	0	0	0	0	1	0	0	0	0	1	1	0	0	6000		2	6000
6	2	1	0	0	0	1	1	0	0	0	0	0	0	0	0	0	0	0	6000		9	6000
1	0	0	1	0	1	2	0	0	0	0	0	0	0	0	0	0	0	0	6000		15	6000
4	1	1	0	0	0	0	0	1	0	0	1	0	0	0	0	0	0	0	6000		2	6000
0	2	0	0	0	0	0	0	0	0	0	0	0	0	0	0	0	0	0	6000		1	6000
0	0	1	0	0	0	0	0	0	1	0	0	0	0	0	0	0	0	0	6000		6	6000
6	0	0	0	0	0	0	0	0	0	0	1	0	0	0	0	0	0	0	6000		2	6000
2	1	0	0	0	0	0	0	0	0	0	1	0	0	0	0	0	0	0	6000		12	6000
4	0	0	0	0	0	0	1	0	0	0	0	0	0	0	0	0	0	0	6000		4	6000
4	0	0	0	0	0	0	0	0	0	0	0	0	0	0	0	0	0	0	6000		2	6000
0	1	0	0	0	0	0	0	0	0	0	0	0	0	0	0	0	1	0	6000		0	6000
1	0	0	0	0	0	0	0	0	1	0	0	0	0	0	0	0	0	0	6000		3	6000
1	0	1	0	0	0	0	0	0	0	0	0	0	0	0	0	0	0	0	6000		8	6000
0	0	0	0	0	1	0	0	0	0	0	0	0	1	0	0	0	0	0	6000		7	6000
0	0	1	0	0	0	0	0	0	0	0	0	0	0	0	0	0	0	0	6000		7	6000
0	0	0	0	0	0	0	0	0	0	0	0	0	0	0	0	0	0	0	6000		14	6000
1	3	0	0	0	0	0	0	0	0	0	0	0	0	0	1	0	0	0	6000		6	6000
0	1	1	1	0	0	0	0	0	0	0	0	0	0	0	0	0	0	0	6000		2	6000
2	1	0	0	0	0	0	0	0	0	0	0	1	0	0	0	0	0	0	6000		2	6000
2	0	0	0	0	0	0	0	0	0	1	0	0	0	0	0	0	0	0	6000		4	6000
3	0	1	0	0	0	0	0	1	0	0	0	1	0	0	0	0	0	0	6000		2	6000
2	0	1	0	0	0	0	0	0	0	1	0	0	0	0	1	0	0	0	6000		2	6000
2	1	0	0	1	0	0	0	0	0	0	0	0	0	0	0	0	0	0	6000		7	6000
4	0	0	0	0	0	0	0	0	0	0	0	0	0	0	0	0	0	0	6000		3	6000
2	0	2	1	0	0	0	0	0	0	0	0	0	0	0	0	0	0	0	6000		1	6000
1	1	0	0	0	0	0	0	0	0	0	0	0	0	0	0	0	0	0	6000		3	6000
1	0	0	1	0	1	0	0	0	1	0	0	0	0	0	0	0	0	0	6000		3	6000
0	4	0	0	0	1	0	0	0	0	0	0	0	0	0	0	0	0	0	6000		4	6000
0	0	0	0	0	0	0	0	0	0	0	0	0	0	0	0	0	0	1	6000		2	6000
0	0	0	0	0	0	0	1	0	0	1	0	0	0	0	0	0	0	0	6000		2	6000
3	0	0	2	0	0	0	0	0	0	1	0	0	0	0	0	0	0	0	6000		5	6000
3	0	0	0	1	1	0	0	0	0	0	0	0	0	0	0	0	0	0	6000		11	6000
1	0	0	0	0	0	0	0	0	0	0	0	0	0	0	0	0	0	0	6000		2	6000
1	0	0	0	0	0	0	3	0	0	0	0	0	0	0	1	0	0	0	6000		0	6000
1	0	0	0	0	0	0	0	0	0	0	0	0	0	0	0	0	0	0	6000		3	6000
3	1	0	0	0	0	0	0	0	0	0	0	0	1	0	0	0	0	0	6000		0	6000
1	1	0	0	0	0	0	0	0	1	0	0	0	0	0	0	0	0	0	6000		6	6000
4	0	0	1	0	1	0	0	0	0	0	0	0	0	0	0	0	0	0	6000		8	6000
3	0	1	1	0	0	0	0	0	0	0	0	0	0	0	0	0	0	0	6000		1	6000
4	0	0	0	0	0	0	0	0	0	0	0	0	0	0	0	0	0	0	6000		2	6000
1	0	0	0	0	0	0	0	0	0	0	0	0	0	0	0	0	0	0	6000		2	6000
2	0	0	0	1	1	0	0	0	0	0	0	0	0	0	0	0	0	0	6000		3	6000
1	0	0	0	0	0	0	0	0	0	0	0	1	0	0	0	0	0	0	6000		8	6000
1	0	1	0	0	0	0	0	0	1	0	0	0	0	0	0	0	0	0	6000		3	6000
3	1	0	1	0	0	1	0	0	0	0	1	0	0	0	1	0	0	0	6000		3	6000
0	0	2	0	1	0	0	1	2	0	0	0	0	0	0	0	0	0	0	6000		3	6000
1	2	0	0	0	0	1	0	0	0	0	0	0	0	0	1	1	1	0	6000		6	6000
4	1	0	0	0	0	0	0	0	0	0	0	0	0	1	0	0	1	0	6000		8	6000
4	0	1	0	0	0	0	1	0	0	0	0	1	1	0	0	0	0	0	6000		6	6000
0	0	0	1	0	0	0	0	0	0	0	0	0	0	0	0	0	0	0	6000		6	6000
0	0	0	0	0	1	0	0	1	0	0	0	0	0	0	0	0	0	0	6000		3	6000
0	3	0	0	0	0	0	0	0	0	0	0	0	0	0	0	0	0	1	6000		6	6000
1	0	0	0	0	0	0	0	0	0	0	0	0	0	0	0	0	0	0	6000		3	6000
2	0	1	0	0	0	0	0	0	0	0	0	0	0	0	0	0	0	0	6000		15	6000
5	0	0	0	1	0	0	1	0	0	0	0	0	0	0	0	0	0	2	6000		3	6000
3	0	2	0	0	0	0	0	0	0	0	0	0	0	0	0	0	0	0	6000		1	6000
2	0	0	0	0	0	0	0	0	0	1	0	0	0	0	0	0	0	0	6000		6	6000
0	0	0	0	0	0	1	0	0	0	0	0	0	0	0	0	0	0	0	6000		0	6000
0	0	0	1	0	0	0	0	0	0	1	0	0	0	0	0	0	0	2	6000		2	6000
1	1	0	0	1	1	0	0	0	0	0	0	0	0	0	0	0	0	0	6000		9	6000
3	1	0	0	0	0	0	0	0	0	0	0	0	0	0	0	0	0	0	6000		1	6000
1	1	1	0	0	0	0	0	0	0	1	0	0	0	0	0	0	0	0	6000		10	6000
3	1	0	0	0	0	0	0	0	0	0	0	0	0	1	0	0	0	0	6000		2	6000
1	1	0	1	1	0	0	0	1	0	0	0	0	0	0	0	0	0	0	6000		0	6000
1	1	1	0	0	0	0	0	0	0	0	0	0	0	0	0	0	0	0	6000		6	6000
5	0	1	0	1	0	0	0	0	0	0	0	0	1	0	0	0	0	0	6000		1	6000
0	0	0	1	1	0	0	0	0	0	0	0	0	0	0	0	0	0	0	6000		8	6000
3	0	0	0	0	0	0	0	0	0	0	0	0	0	0	0	0	0	0	6000		2	6000
3	1	0	2	0	0	0	0	0	0	0	0	0	0	0	0	0	0	0	6000		1	6000
1	1	0	0	0	0	0	0	0	0	0	0	0	0	0	0	0	0	0	6000		7	6000
3	0	0	0	0	0	0	0	0	0	0	0	0	1	0	1	0	0	0	6000		8	6000
0	0	0	0	0	0	0	0	2	0	0	0	0	0	0	0	0	0	0	6000		11	6000
2	2	0	0	0	0	0	0	1	1	0	0	0	0	0	0	0	0	0	6000		0	6000
2	0	0	0	0	0	1	0	0	0	0	0	0	0	0	0	0	0	0	6000		3	6000
1	0	1	0	0	0	0	0	0	0	0	0	0	0	0	1	0	0	0	6000		5	6000
2	0	0	0	0	0	0	0	0	0	0	0	0	0	0	0	0	0	0	6000		1	6000
2	1	0	0	0	0	0	0	0	0	0	0	0	0	1	0	0	0	0	6000		4	6000
0	1	0	0	0	0	0	0	0	0	0	0	0	0	0	0	0	0	0	6000		4	6000
1	1	2	0	0	0	0	0	0	0	0	0	1	0	0	0	0	0	0	6000		3	6000
0	0	0	0	0	0	0	0	0	0	0	0	0	0	0	0	0	0	0	6000		1	6000
4	1	1	1	1	0	0	0	0	0	0	0	0	0	0	0	0	1	0	6000		11	6000
0	1	0	1	1	0	1	1	0	1	0	0	0	0	0	0	0	0	0	6000		2	6000
4	0	0	1	0	0	2	0	0	0	0	0	0	0	0	0	0	0	0	6000		3	6000
0	1	0	0	0	0	0	0	0	0	0	0	0	0	0	0	0	0	0	6000		3	6000
2	0	0	0	1	0	0	0	0	0	0	0	0	0	1	0	0	0	0	6000		12	6000
1	0	0	0	0	0	0	1	0	0	0	0	0	0	0	0	0	0	0	6000		8	6000
2	0	0	1	0	0	0	0	0	0	0	0	0	0	0	0	0	0	0	6000		7	6000
2	1	0	1	2	0	0	0	0	0	1	0	0	0	0	0	0	0	0	6000		0	6000
