---- Running command
---- ./polyDFE -d input/example_2 -i input/init_model_BandC.txt 1 -v 20 -j 
---- Performing inference on input/example_2 using model C

---- Using provided initial values


-- Starting local optimization
 it       lambda        theta_bar     a              S_d            b             p_b           S_b           r  2          r  3          r  4          r  5          r  6          r  7          r  8          r  9          r 10          r 11          r 12          r 13          r 14          r 15          r 16          r 17          r 18          r 19          r 20         ln lk             grad     status
  0       0.00500       0.00100       2.00000     -400.00000       0.40000       0.02000       4.00000       1.00000       1.00000       1.00000       1.00000       1.00000       1.00000       1.00000       1.00000       1.00000       1.00000       1.00000       1.00000       1.00000       1.00000       1.00000       1.00000       1.00000       1.00000       1.00000  -3926.8116113439      0.47583   -2
 20       0.00469       0.00094       2.02973     -351.64834       0.38637       0.01878       3.82320       1.08110       1.09060       1.15037       1.15147       0.88970       1.01299       0.82376       1.11183       0.96714       0.86090       0.90825       1.23598       0.93576       0.97314       0.89111       1.09611       1.03763       1.08182       0.99523  -3916.1226314210      0.04062   -2
 40       0.00469       0.00090       2.02831     -252.10451       0.42028       0.01852       4.01746       1.10112       1.11519       1.17583       1.18209       0.93863       1.06090       0.86680       1.16379       1.01610       0.90301       0.95343       1.29998       0.98255       1.02337       0.93434       1.15450       1.09175       1.13884       0.97753  -3915.7779808940      0.01365   -2
 60       0.00464       0.00090       2.02108     -217.93817       0.44056       0.01938       4.15905       1.10641       1.12633       1.19326       1.20098       0.94541       1.07152       0.87616       1.17645       1.02710       0.91286       0.96396       1.31328       0.99214       1.03286       0.94183       1.16282       1.09787       1.14311       0.97828  -3915.6982583534      0.00948   -2
 80       0.00464       0.00089       2.01476     -199.83030       0.45448       0.02014       4.08665       1.11406       1.13601       1.20477       1.21220       0.95763       1.08522       0.88706       1.19174       1.04019       0.92449       0.97635       1.32989       1.00510       1.04556       0.95226       1.17727       1.11106       1.15704       0.97891  -3915.6687972893      0.01237   -2
100       0.00463       0.00088       2.02322     -176.78457       0.47762       0.02219       3.87393       1.12185       1.14746       1.21879       1.22916       0.97153       1.10114       0.90017       1.20924       1.05513       0.93763       0.99009       1.34812       1.01803       1.05975       0.96579       1.19090       1.12387       1.16933       0.98051  -3915.6423559862      0.00643   -2
120       0.00464       0.00088       2.02198     -178.18350       0.47814       0.02296       3.73379       1.12236       1.14648       1.21762       1.22733       0.96992       1.09923       0.89848       1.20701       1.05292       0.93573       0.98689       1.34525       1.01485       1.05707       0.96284       1.18861       1.12184       1.16793       0.98157  -3915.6340870443      0.00348   -2
140       0.00466       0.00088       2.02296     -173.44759       0.49805       0.02843       3.06529       1.12181       1.14723       1.21710       1.22635       0.96891       1.09702       0.89593       1.20215       1.04836       0.93086       0.98130       1.33639       1.00786       1.04881       0.95480       1.18017       1.11440       1.16183       0.97370  -3915.6059042228      0.00660   -2
160       0.00465       0.00088       2.02241     -168.59029       0.50472       0.02909       3.04960       1.12579       1.15208       1.22266       1.23325       0.97415       1.10264       0.90064       1.20835       1.05363       0.93539       0.98616       1.34242       1.01225       1.05320       0.95894       1.18425       1.11783       1.16472       0.97498  -3915.6021558182      0.00514   -2
180       0.00466       0.00088       2.02201     -166.44946       0.50627       0.02911       3.01694       1.12478       1.15184       1.22337       1.23249       0.97369       1.10242       0.90056       1.20850       1.05376       0.93563       0.98704       1.34321       1.01390       1.05412       0.96146       1.18516       1.11921       1.16610       0.97533  -3915.5997631625      0.00233   -2
200       0.00466       0.00087       2.02320     -164.00043       0.51008       0.02960       2.97876       1.12594       1.15334       1.22540       1.23438       0.97526       1.10422       0.90202       1.21038       1.05539       0.93704       0.98835       1.34509       1.01542       1.05558       0.96275       1.18671       1.12067       1.16764       0.97537  -3915.5979809082      0.00212   -2
220       0.00466       0.00087       2.02042     -161.42603       0.51567       0.03049       2.90792       1.12726       1.15450       1.22474       1.23710       0.97733       1.10613       0.90366       1.21260       1.05699       0.93823       0.99049       1.34678       1.01538       1.05606       0.96379       1.18765       1.12170       1.16919       0.97574  -3915.5959896265      0.00396   -2
240       0.00466       0.00087       2.02183     -158.82332       0.52107       0.03144       2.82683       1.12781       1.15622       1.22890       1.23782       0.97799       1.10717       0.90420       1.21306       1.05766       0.93878       0.99043       1.34720       1.01749       1.05716       0.96396       1.18835       1.12229       1.16934       0.97554  -3915.5934616104      0.00112   -2
260       0.00466       0.00087       2.02262     -158.33925       0.52319       0.03190       2.79725       1.12845       1.15715       1.22969       1.23870       0.97870       1.10779       0.90482       1.21382       1.05811       0.93926       0.99047       1.34768       1.01679       1.05693       0.96403       1.18831       1.12227       1.16950       0.97641  -3915.5926699637      0.00116   -2
280       0.00466       0.00087       2.02205     -158.10877       0.52371       0.03201       2.78816       1.12834       1.15706       1.22948       1.23869       0.97872       1.10774       0.90480       1.21382       1.05806       0.93918       0.99050       1.34757       1.01675       1.05683       0.96397       1.18819       1.12216       1.16945       0.97638  -3915.5924812382      0.00045   -2
300       0.00466       0.00087       2.02270     -157.65007       0.52492       0.03225       2.76935       1.12837       1.15758       1.23060       1.23898       0.97870       1.10793       0.90466       1.21336       1.05798       0.93912       0.99061       1.34745       1.01648       1.05662       0.96379       1.18816       1.12216       1.16939       0.97596  -3915.5921907165      0.00258   -2
320       0.00467       0.00087       2.02207     -156.67336       0.52776       0.03282       2.72675       1.12868       1.15777       1.23038       1.23936       0.97917       1.10818       0.90503       1.21398       1.05816       0.93921       0.99040       1.34740       1.01677       1.05662       0.96382       1.18798       1.12202       1.16944       0.97277  -3915.5914030332      0.00038   -2
340       0.00467       0.00087       2.02212     -156.29676       0.52870       0.03298       2.71422       1.12893       1.15804       1.23057       1.23976       0.97949       1.10855       0.90531       1.21436       1.05848       0.93947       0.99040       1.34776       1.01686       1.05685       0.96397       1.18830       1.12233       1.16978       0.97339  -3915.5912142926      0.00059   -2
360       0.00467       0.00087       2.02223     -156.05897       0.52928       0.03309       2.70605       1.12897       1.15804       1.23035       1.23995       0.97958       1.10869       0.90536       1.21442       1.05851       0.93948       0.99071       1.34775       1.01702       1.05684       0.96406       1.18824       1.12228       1.16980       0.97357  -3915.5911063461      0.00100   -2
380       0.00467       0.00087       2.02254     -155.68410       0.53029       0.03328       2.69249       1.12916       1.15841       1.23110       1.24010       0.97979       1.10881       0.90551       1.21458       1.05864       0.93960       0.99072       1.34787       1.01711       1.05693       0.96416       1.18834       1.12239       1.16994       0.97402  -3915.5909205282      0.00065   -2
400       0.00467       0.00087       2.02218     -155.57796       0.53056       0.03332       2.68888       1.12921       1.15848       1.23120       1.24018       0.97987       1.10885       0.90554       1.21461       1.05867       0.93963       0.99083       1.34790       1.01711       1.05694       0.96416       1.18836       1.12242       1.16997       0.97429  -3915.5908693483      0.00023   -2
420       0.00467       0.00087       2.02220     -155.20546       0.53161       0.03351       2.67581       1.12970       1.15862       1.23167       1.24036       0.97988       1.10909       0.90573       1.21483       1.05879       0.93976       0.99084       1.34804       1.01725       1.05700       0.96427       1.18845       1.12254       1.17013       0.97471  -3915.5907285361      0.00077   -2
440       0.00467       0.00087       2.02214     -154.34564       0.53385       0.03393       2.64606       1.12979       1.15935       1.23212       1.24114       0.98059       1.10965       0.90615       1.21534       1.05925       0.94009       0.99122       1.34843       1.01754       1.05725       0.96450       1.18875       1.12283       1.17051       0.97472  -3915.5904149614      0.00028   -2
460       0.00467       0.00087       2.02213     -154.24824       0.53411       0.03397       2.64307       1.12975       1.15932       1.23209       1.24112       0.98058       1.10963       0.90612       1.21530       1.05920       0.94005       0.99122       1.34836       1.01745       1.05719       0.96444       1.18868       1.12277       1.17044       0.97451  -3915.5903874823      0.00026   -2
480       0.00467       0.00087       2.02214     -154.19395       0.53425       0.03400       2.64122       1.12978       1.15936       1.23214       1.24117       0.98062       1.10966       0.90614       1.21533       1.05923       0.94007       0.99127       1.34838       1.01745       1.05719       0.96444       1.18869       1.12278       1.17046       0.97449  -3915.5903715622      0.00023   -2
500       0.00467       0.00087       2.02213     -154.11477       0.53445       0.03404       2.63838       1.12976       1.15937       1.23215       1.24117       0.98061       1.10966       0.90613       1.21532       1.05921       0.94005       0.99120       1.34835       1.01742       1.05718       0.96441       1.18867       1.12276       1.17044       0.97346  -3915.5903491611      0.00025   -2
520       0.00467       0.00087       2.02214     -153.81691       0.53537       0.03421       2.62612       1.12987       1.15955       1.23234       1.24135       0.98078       1.10982       0.90624       1.21544       1.05932       0.94011       0.99116       1.34840       1.01744       1.05717       0.96443       1.18869       1.12279       1.17050       0.97319  -3915.5902608347      0.00046   -2
540       0.00467       0.00087       2.02214     -153.75206       0.53554       0.03425       2.62377       1.12985       1.15958       1.23237       1.24140       0.98085       1.10982       0.90627       1.21542       1.05939       0.94012       0.99132       1.34840       1.01755       1.05717       0.96445       1.18868       1.12282       1.17050       0.97341  -3915.5902453767      0.00019   -5
560       0.00467       0.00087       2.02213     -153.70673       0.53566       0.03427       2.62229       1.12991       1.15961       1.23242       1.24143       0.98083       1.10986       0.90628       1.21548       1.05934       0.94014       0.99124       1.34843       1.01747       1.05720       0.96447       1.18871       1.12282       1.17054       0.97339  -3915.5902342078      0.00015   -2
580       0.00467       0.00087       2.02214     -153.58303       0.53600       0.03433       2.61783       1.12997       1.15969       1.23252       1.24152       0.98083       1.10991       0.90631       1.21553       1.05938       0.94017       0.99122       1.34844       1.01748       1.05718       0.96452       1.18873       1.12284       1.17056       0.97347  -3915.5902068057      0.00044   -2
600       0.00467       0.00087       2.02213     -153.53874       0.53614       0.03436       2.61615       1.12997       1.15970       1.23253       1.24152       0.98087       1.10993       0.90633       1.21553       1.05936       0.94017       0.99132       1.34844       1.01742       1.05718       0.96442       1.18872       1.12283       1.17057       0.97357  -3915.5901968424      0.00046   -2
620       0.00467       0.00087       2.02212     -153.46719       0.53633       0.03439       2.61379       1.13005       1.15980       1.23263       1.24162       0.98087       1.11001       0.90640       1.21562       1.05943       0.94024       0.99117       1.34853       1.01743       1.05721       0.96447       1.18879       1.12291       1.17064       0.97348  -3915.5901840145      0.00021   -2
623       0.00467       0.00087       2.02212     -153.46719       0.53633       0.03439       2.61379       1.13005       1.15980       1.23263       1.24162       0.98087       1.11001       0.90640       1.21562       1.05943       0.94024       0.99117       1.34853       1.01743       1.05721       0.96447       1.18879       1.12291       1.17064       0.97348  -3915.5901840145      0.00021   -3
-- Local optimization: stuck in the same solution
-- Found new optimum with likelihood -3915.59018 and gradient 0.00021


---- Calculating initial values for neutral parameters
---- Calculating initial values for selection parameters


-- Starting local optimization
 it       lambda        theta_bar     a              S_d            b             p_b           S_b           r  2          r  3          r  4          r  5          r  6          r  7          r  8          r  9          r 10          r 11          r 12          r 13          r 14          r 15          r 16          r 17          r 18          r 19          r 20         ln lk             grad     status
  0       0.00478       0.00086       1.70423   -20000.00000       0.40000       0.10000      20.00000       1.24651       1.03256       1.21395       1.40116       0.88605       1.17209       0.84651       1.32907       1.12791       1.03605       0.90698       1.49651       1.04186       0.80233       1.04186       1.22558       1.13023       1.19302       1.19302  -4236.5541405748      3.23020   -2
 20       0.00477       0.00103       1.93521   -14804.04580       0.19586       0.01052       3.83312       1.05549       1.03130       1.05305       1.04310       0.79879       0.90615       0.72714       0.98603       0.85624       0.76311       0.79735       1.09925       0.83246       0.86578       0.80353       0.99674       0.95460       1.00994       1.20228  -3922.3068161006      0.13491   -2
 40       0.00478       0.00109       1.97402   -11500.85353       0.19980       0.00826       3.46156       0.97699       0.95209       0.97695       0.96767       0.75372       0.84971       0.68958       0.92605       0.80658       0.71744       0.75477       1.03294       0.78196       0.81340       0.74936       0.92927       0.88420       0.92988       1.20242  -3921.1039160410      0.03751   -2
 60       0.00514       0.00097       2.01657    -1203.37229       0.26730       0.00350       3.90936       1.03953       1.02778       1.07090       1.07185       0.83743       0.95054       0.77116       1.04364       0.91151       0.81543       0.86362       1.18058       0.90013       0.94278       0.86140       1.07194       1.01267       1.05817       1.20316  -3918.6055489929      0.04266   -2
 80       0.00468       0.00095       2.03457     -551.33449       0.32590       0.00683       8.39289       1.06709       1.06138       1.11027       1.11152       0.87994       0.99080       0.82157       1.09038       0.95465       0.84799       0.89654       1.22398       0.92887       0.96861       0.88630       1.09841       1.04337       1.09315       1.20195  -3916.5454644296      0.04167   -2
100       0.00462       0.00092       2.01955     -322.97511       0.37085       0.00765       8.86510       1.08338       1.09593       1.15643       1.16320       0.91529       1.03837       0.84931       1.14286       0.99937       0.89073       0.94311       1.28727       0.97351       1.01472       0.92798       1.14723       1.09019       1.13854       1.20206  -3916.0649026058      0.01571   -2
120       0.00462       0.00090       2.02489     -257.81372       0.39476       0.00881       8.22413       1.10123       1.11804       1.18372       1.19202       0.94162       1.06964       0.87470       1.17833       1.02258       0.91518       0.96842       1.32237       1.00393       1.04701       0.95447       1.18113       1.11717       1.16350       1.20352  -3915.9506544249      0.02086   -2
140       0.00468       0.00087       2.02016     -204.76455       0.43680       0.01530       4.76159       1.12828       1.15062       1.22235       1.23120       0.97237       1.10306       0.90423       1.21513       1.06030       0.94521       0.99877       1.36341       1.03671       1.07731       0.98145       1.21497       1.15228       1.20887       1.20712  -3915.8074565129      0.02904   -2
160       0.00461       0.00088       2.02157     -187.67470       0.46276       0.01975       4.30659       1.11895       1.14261       1.21165       1.22386       0.96602       1.09477       0.89566       1.20337       1.05051       0.93334       0.98637       1.34264       1.01502       1.05573       0.96179       1.18617       1.11965       1.16578       1.20806  -3915.6695027318      0.00437   -2
180       0.00463       0.00088       2.02132     -186.17729       0.46653       0.02115       3.99051       1.11631       1.14119       1.20811       1.22128       0.96407       1.09298       0.89295       1.19943       1.04695       0.93052       0.98250       1.33830       1.01071       1.05236       0.95932       1.18300       1.11664       1.16214       1.20875  -3915.6517495846      0.00665   -2
200       0.00465       0.00088       2.02563     -179.99451       0.47614       0.02316       3.62775       1.11965       1.14794       1.21611       1.22622       0.96894       1.09797       0.89821       1.20571       1.05060       0.93532       0.98572       1.34487       1.01444       1.05686       0.96271       1.18831       1.12245       1.17163       1.20939  -3915.6349486606      0.01587   -2
220       0.00464       0.00088       2.02253     -179.17783       0.47933       0.02365       3.62516       1.12162       1.14621       1.21698       1.22650       0.96907       1.09793       0.89751       1.20507       1.05114       0.93422       0.98588       1.34270       1.01373       1.05497       0.96166       1.18575       1.11939       1.16590       1.20945  -3915.6283264039      0.00237   -2
240       0.00465       0.00087       2.02140     -150.77585       0.54300       0.03519       2.59549       1.12617       1.15531       1.22823       1.23729       0.97731       1.10608       0.90192       1.21061       1.05710       0.93629       0.98703       1.34211       1.01219       1.05203       0.95811       1.18167       1.11547       1.16676       1.21404  -3915.5938415301      0.00573   -2
260       0.00466       0.00087       2.02212     -154.17919       0.53396       0.03388       2.65464       1.12879       1.15825       1.23099       1.24003       0.97972       1.10866       0.90525       1.21423       1.05846       0.93918       0.99041       1.34708       1.01654       1.05621       0.96347       1.18750       1.12157       1.16918       1.21373  -3915.5904751043      0.00056   -2
280       0.00466       0.00087       2.02216     -154.32250       0.53391       0.03392       2.64831       1.12952       1.15906       1.23182       1.24085       0.98031       1.10938       0.90590       1.21503       1.05901       0.93984       0.99088       1.34806       1.01717       1.05696       0.96416       1.18839       1.12248       1.17012       1.21370  -3915.5903593351      0.00039   -2
300       0.00466       0.00087       2.02217     -154.28823       0.53402       0.03396       2.64505       1.12963       1.15919       1.23195       1.24098       0.98046       1.10949       0.90601       1.21515       1.05907       0.93993       0.99109       1.34819       1.01729       1.05705       0.96431       1.18851       1.12260       1.17025       1.21372  -3915.5903321883      0.00047   -2
320       0.00466       0.00087       2.02211     -154.16145       0.53439       0.03403       2.63933       1.12975       1.15934       1.23210       1.24113       0.98064       1.10962       0.90610       1.21527       1.05919       0.94004       0.99138       1.34830       1.01744       1.05714       0.96438       1.18862       1.12270       1.17037       1.21399  -3915.5902887016      0.00022   -2
340       0.00466       0.00087       2.02215     -153.89688       0.53516       0.03417       2.63011       1.12971       1.15935       1.23209       1.24101       0.98052       1.10953       0.90599       1.21511       1.05886       0.94003       0.99103       1.34811       1.01670       1.05708       0.96394       1.18831       1.12246       1.17037       1.21414  -3915.5902372279      0.00068   -2
360       0.00466       0.00087       2.02211     -153.89783       0.53513       0.03418       2.62916       1.12975       1.15940       1.23217       1.24115       0.98065       1.10962       0.90608       1.21523       1.05907       0.93996       0.99104       1.34817       1.01720       1.05698       0.96426       1.18846       1.12257       1.17028       1.21411  -3915.5902144206      0.00053   -2
380       0.00466       0.00087       2.02211     -153.35747       0.53690       0.03455       2.60099       1.13056       1.16032       1.23308       1.24191       0.98151       1.11029       0.90661       1.21588       1.05976       0.94048       0.99145       1.34883       1.01799       1.05762       0.96461       1.18924       1.12336       1.17105       1.21436  -3915.5900868589      0.00075   -2
400       0.00466       0.00087       2.02214     -153.23239       0.53713       0.03457       2.60101       1.13020       1.15999       1.23286       1.24187       0.98109       1.11017       0.90650       1.21575       1.05955       0.94031       0.99149       1.34860       1.01761       1.05731       0.96454       1.18886       1.12299       1.17077       1.21439  -3915.5900581615      0.00027   -2
420       0.00466       0.00087       2.02209     -153.14508       0.53733       0.03459       2.60016       1.13012       1.15993       1.23277       1.24177       0.98103       1.11009       0.90645       1.21566       1.05946       0.94023       0.99131       1.34848       1.01749       1.05716       0.96442       1.18873       1.12286       1.17063       1.21443  -3915.5900495114      0.00018   -2
428       0.00466       0.00087       2.02213     -153.13883       0.53735       0.03460       2.60003       1.13012       1.15994       1.23278       1.24176       0.98104       1.11010       0.90645       1.21566       1.05946       0.94024       0.99132       1.34848       1.01748       1.05718       0.96444       1.18872       1.12286       1.17063       1.21445  -3915.5900485674      0.00008    0
-- Found new optimum with likelihood -3915.59005 and gradient 0.00008


---- Best joint likelihood found -3915.59005 with gradient 0.00008
-- Model: C
--     eps_an        eps_cont      lambda        theta_bar     a        
--    0.00e+00      0.00e+00       0.00466       0.00087       2.02213  
--      S_d            b             p_b           S_b      
--   -153.13883       0.53735       0.03460       2.60003  
--     r  2          r  3          r  4          r  5          r  6          r  7          r  8          r  9          r 10          r 11          r 12          r 13          r 14          r 15          r 16          r 17          r 18          r 19          r 20     
--     1.13012       1.15994       1.23278       1.24176       0.98104       1.11010       0.90645       1.21566       1.05946       0.94024       0.99132       1.34848       1.01748       1.05718       0.96444       1.18872       1.12286       1.17063       1.21445  

---- Expected P_neut(i), 0 < i < n (neutral SFS per site) 
E[P_neut(1)] = 0.000871
E[P_neut(2)] = 0.000492
E[P_neut(3)] = 0.000337
E[P_neut(4)] = 0.000269
E[P_neut(5)] = 0.000216
E[P_neut(6)] = 0.000142
E[P_neut(7)] = 0.000138
E[P_neut(8)] = 0.000099
E[P_neut(9)] = 0.000118
E[P_neut(10)] = 0.000092
E[P_neut(11)] = 0.000074
E[P_neut(12)] = 0.000072
E[P_neut(13)] = 0.000090
E[P_neut(14)] = 0.000063
E[P_neut(15)] = 0.000061
E[P_neut(16)] = 0.000053
E[P_neut(17)] = 0.000061
E[P_neut(18)] = 0.000054
E[P_neut(19)] = 0.000054

---- Expected P_sel(i), 0 < i < n (selected SFS per site) 
E[P_sel(1)] = 0.000320
E[P_sel(2)] = 0.000119
E[P_sel(3)] = 0.000066
E[P_sel(4)] = 0.000047
E[P_sel(5)] = 0.000035
E[P_sel(6)] = 0.000021
E[P_sel(7)] = 0.000020
E[P_sel(8)] = 0.000014
E[P_sel(9)] = 0.000016
E[P_sel(10)] = 0.000012
E[P_sel(11)] = 0.000010
E[P_sel(12)] = 0.000010
E[P_sel(13)] = 0.000012
E[P_sel(14)] = 0.000009
E[P_sel(15)] = 0.000008
E[P_sel(16)] = 0.000007
E[P_sel(17)] = 0.000009
E[P_sel(18)] = 0.000008
E[P_sel(19)] = 0.000008

---- Expected D_neut and D_sel (neutral and selected divergence per site) 
E[D_neut] = 0.004712
E[D_sel] = 0.000778

---- Expected neutral and selected misattributed polymorphism per site
E[mis_neut] = 0.000053
E[mis_sel] = 0.000008

---- alpha_div = 0.623665
---- alpha_dfe = 0.628233



